score;completeness;rescuebot_action;rescuebot_location;alice_action;alice_location;world_nr;tick_nr
0;0.0;;(22, 11);;(22, 12);1;0
0;0.0;;(22, 11);;(22, 12);1;1
0;0.0;;(22, 11);;(22, 12);1;2
0;0.0;;(22, 11);;(22, 12);1;3
0;0.0;;(22, 11);;(22, 12);1;4
0;0.0;;(22, 11);;(22, 12);1;5
0;0.0;;(22, 11);;(22, 12);1;6
0;0.0;;(22, 11);;(22, 12);1;7
0;0.0;;(22, 11);;(22, 12);1;8
0;0.0;;(22, 11);;(22, 12);1;9
0;0.0;;(22, 11);;(22, 12);1;10
0;0.0;;(22, 11);;(22, 12);1;11
0;0.0;;(22, 11);;(22, 12);1;12
0;0.0;;(22, 11);;(22, 12);1;13
0;0.0;;(22, 11);;(22, 12);1;14
0;0.0;;(22, 11);;(22, 12);1;15
0;0.0;;(22, 11);;(22, 12);1;16
0;0.0;;(22, 11);;(22, 12);1;17
0;0.0;;(22, 11);;(22, 12);1;18
0;0.0;;(22, 11);;(22, 12);1;19
0;0.0;;(22, 11);;(22, 12);1;20
0;0.0;;(22, 11);;(22, 12);1;21
0;0.0;;(22, 11);;(22, 12);1;22
0;0.0;;(22, 11);;(22, 12);1;23
0;0.0;;(22, 11);;(22, 12);1;24
0;0.0;;(22, 11);;(22, 12);1;25
0;0.0;;(22, 11);;(22, 12);1;26
0;0.0;;(22, 11);;(22, 12);1;27
0;0.0;;(22, 11);;(22, 12);1;28
0;0.0;;(22, 11);;(22, 12);1;29
0;0.0;;(22, 11);;(22, 12);1;30
0;0.0;;(22, 11);;(22, 12);1;31
0;0.0;;(22, 11);;(22, 12);1;32
0;0.0;;(22, 11);;(22, 12);1;33
0;0.0;;(22, 11);;(22, 12);1;34
0;0.0;;(22, 11);;(22, 12);1;35
0;0.0;;(22, 11);;(22, 12);1;36
0;0.0;;(22, 11);;(22, 12);1;37
0;0.0;;(22, 11);;(22, 12);1;38
0;0.0;;(22, 11);;(22, 12);1;39
0;0.0;;(22, 11);;(22, 12);1;40
0;0.0;;(22, 11);;(22, 12);1;41
0;0.0;;(22, 11);;(22, 12);1;42
0;0.0;;(22, 11);;(22, 12);1;43
0;0.0;;(22, 11);;(22, 12);1;44
0;0.0;;(22, 11);;(22, 12);1;45
0;0.0;;(22, 11);;(22, 12);1;46
0;0.0;;(22, 11);;(22, 12);1;47
0;0.0;;(22, 11);;(22, 12);1;48
0;0.0;;(22, 11);;(22, 12);1;49
0;0.0;;(22, 11);;(22, 12);1;50
0;0.0;;(22, 11);;(22, 12);1;51
0;0.0;;(22, 11);;(22, 12);1;52
0;0.0;;(22, 11);;(22, 12);1;53
0;0.0;;(22, 11);;(22, 12);1;54
0;0.0;;(22, 11);;(22, 12);1;55
0;0.0;;(22, 11);;(22, 12);1;56
0;0.0;;(22, 11);;(22, 12);1;57
0;0.0;;(22, 11);;(22, 12);1;58
0;0.0;;(22, 11);;(22, 12);1;59
0;0.0;;(22, 11);;(22, 12);1;60
0;0.0;;(22, 11);;(22, 12);1;61
0;0.0;;(22, 11);;(22, 12);1;62
0;0.0;;(22, 11);;(22, 12);1;63
0;0.0;;(22, 11);;(22, 12);1;64
0;0.0;;(22, 11);;(22, 12);1;65
0;0.0;;(22, 11);;(22, 12);1;66
0;0.0;;(22, 11);;(22, 12);1;67
0;0.0;;(22, 11);;(22, 12);1;68
0;0.0;;(22, 11);;(22, 12);1;69
0;0.0;;(22, 11);;(22, 12);1;70
0;0.0;;(22, 11);;(22, 12);1;71
0;0.0;;(22, 11);;(22, 12);1;72
0;0.0;;(22, 11);;(22, 12);1;73
0;0.0;;(22, 11);;(22, 12);1;74
0;0.0;;(22, 11);;(22, 12);1;75
0;0.0;;(22, 11);;(22, 12);1;76
0;0.0;;(22, 11);;(22, 12);1;77
0;0.0;;(22, 11);;(22, 12);1;78
0;0.0;;(22, 11);;(22, 12);1;79
0;0.0;;(22, 11);;(22, 12);1;80
0;0.0;;(22, 11);;(22, 12);1;81
0;0.0;;(22, 11);;(22, 12);1;82
0;0.0;;(22, 11);;(22, 12);1;83
0;0.0;;(22, 11);;(22, 12);1;84
0;0.0;;(22, 11);;(22, 12);1;85
0;0.0;;(22, 11);;(22, 12);1;86
0;0.0;;(22, 11);;(22, 12);1;87
0;0.0;;(22, 11);;(22, 12);1;88
0;0.0;;(22, 11);;(22, 12);1;89
0;0.0;;(22, 11);;(22, 12);1;90
0;0.0;;(22, 11);;(22, 12);1;91
0;0.0;;(22, 11);;(22, 12);1;92
0;0.0;;(22, 11);;(22, 12);1;93
0;0.0;;(22, 11);;(22, 12);1;94
0;0.0;;(22, 11);;(22, 12);1;95
0;0.0;;(22, 11);;(22, 12);1;96
0;0.0;;(22, 11);;(22, 12);1;97
0;0.0;;(22, 11);;(22, 12);1;98
0;0.0;;(22, 11);;(22, 12);1;99
0;0.0;;(22, 11);;(22, 12);1;100
0;0.0;;(22, 11);;(22, 12);1;101
0;0.0;;(22, 11);;(22, 12);1;102
0;0.0;;(22, 11);;(22, 12);1;103
0;0.0;;(22, 11);;(22, 12);1;104
0;0.0;;(22, 11);;(22, 12);1;105
0;0.0;;(22, 11);;(22, 12);1;106
0;0.0;;(22, 11);;(22, 12);1;107
0;0.0;;(22, 11);;(22, 12);1;108
0;0.0;;(22, 11);;(22, 12);1;109
0;0.0;;(22, 11);;(22, 12);1;110
0;0.0;;(22, 11);;(22, 12);1;111
0;0.0;;(22, 11);;(22, 12);1;112
0;0.0;;(22, 11);;(22, 12);1;113
0;0.0;;(22, 11);;(22, 12);1;114
0;0.0;;(22, 11);;(22, 12);1;115
0;0.0;;(22, 11);;(22, 12);1;116
0;0.0;;(22, 11);;(22, 12);1;117
0;0.0;;(22, 11);;(22, 12);1;118
0;0.0;;(22, 11);;(22, 12);1;119
0;0.0;;(22, 11);;(22, 12);1;120
0;0.0;;(22, 11);;(22, 12);1;121
0;0.0;;(22, 11);;(22, 12);1;122
0;0.0;;(22, 11);;(22, 12);1;123
0;0.0;;(22, 11);;(22, 12);1;124
0;0.0;;(22, 11);;(22, 12);1;125
0;0.0;;(22, 11);;(22, 12);1;126
0;0.0;;(22, 11);;(22, 12);1;127
0;0.0;;(22, 11);;(22, 12);1;128
0;0.0;;(22, 11);;(22, 12);1;129
0;0.0;;(22, 11);;(22, 12);1;130
0;0.0;;(22, 11);;(22, 12);1;131
0;0.0;;(22, 11);;(22, 12);1;132
0;0.0;;(22, 11);;(22, 12);1;133
0;0.0;;(22, 11);;(22, 12);1;134
0;0.0;;(22, 11);;(22, 12);1;135
0;0.0;;(22, 11);;(22, 12);1;136
0;0.0;;(22, 11);;(22, 12);1;137
0;0.0;;(22, 11);;(22, 12);1;138
0;0.0;;(22, 11);;(22, 12);1;139
0;0.0;;(22, 11);;(22, 12);1;140
0;0.0;;(22, 11);;(22, 12);1;141
0;0.0;;(22, 11);;(22, 12);1;142
0;0.0;;(22, 11);;(22, 12);1;143
0;0.0;;(22, 11);;(22, 12);1;144
0;0.0;;(22, 11);;(22, 12);1;145
0;0.0;;(22, 11);;(22, 12);1;146
0;0.0;;(22, 11);;(22, 12);1;147
0;0.0;;(22, 11);;(22, 12);1;148
0;0.0;;(22, 11);;(22, 12);1;149
0;0.0;;(22, 11);;(22, 12);1;150
0;0.0;;(22, 11);;(22, 12);1;151
0;0.0;;(22, 11);;(22, 12);1;152
0;0.0;;(22, 11);;(22, 12);1;153
0;0.0;;(22, 11);;(22, 12);1;154
0;0.0;;(22, 11);;(22, 12);1;155
0;0.0;;(22, 11);;(22, 12);1;156
0;0.0;;(22, 11);;(22, 12);1;157
0;0.0;;(22, 11);;(22, 12);1;158
0;0.0;;(22, 11);;(22, 12);1;159
0;0.0;;(22, 11);;(22, 12);1;160
0;0.0;;(22, 11);;(22, 12);1;161
0;0.0;;(22, 11);;(22, 12);1;162
0;0.0;;(22, 11);;(22, 12);1;163
0;0.0;;(22, 11);;(22, 12);1;164
0;0.0;;(22, 11);;(22, 12);1;165
0;0.0;;(22, 11);;(22, 12);1;166
0;0.0;;(22, 11);;(22, 12);1;167
0;0.0;;(22, 11);;(22, 12);1;168
0;0.0;;(22, 11);;(22, 12);1;169
0;0.0;;(22, 11);;(22, 12);1;170
0;0.0;;(22, 11);;(22, 12);1;171
0;0.0;;(22, 11);;(22, 12);1;172
0;0.0;;(22, 11);;(22, 12);1;173
0;0.0;;(22, 11);;(22, 12);1;174
0;0.0;;(22, 11);;(22, 12);1;175
0;0.0;;(22, 11);;(22, 12);1;176
0;0.0;;(22, 11);;(22, 12);1;177
0;0.0;;(22, 11);;(22, 12);1;178
0;0.0;;(22, 11);;(22, 12);1;179
0;0.0;;(22, 11);;(22, 12);1;180
0;0.0;;(22, 11);;(22, 12);1;181
0;0.0;;(22, 11);;(22, 12);1;182
0;0.0;;(22, 11);;(22, 12);1;183
0;0.0;;(22, 11);;(22, 12);1;184
0;0.0;;(22, 11);;(22, 12);1;185
0;0.0;;(22, 11);;(22, 12);1;186
0;0.0;;(22, 11);;(22, 12);1;187
0;0.0;;(22, 11);;(22, 12);1;188
0;0.0;;(22, 11);MoveWest;(21, 12);1;189
0;0.0;;(22, 11);;(21, 12);1;190
0;0.0;;(22, 11);;(21, 12);1;191
0;0.0;;(22, 11);;(21, 12);1;192
0;0.0;;(22, 11);;(21, 12);1;193
0;0.0;;(22, 11);;(21, 12);1;194
0;0.0;;(22, 11);;(21, 12);1;195
0;0.0;;(22, 11);MoveWest;(20, 12);1;196
0;0.0;MoveNorth;(22, 11);;(20, 12);1;197
0;0.0;MoveNorth;(22, 11);;(20, 12);1;198
0;0.0;MoveNorth;(22, 11);;(20, 12);1;199
0;0.0;MoveNorth;(22, 11);;(20, 12);1;200
0;0.0;MoveNorth;(22, 11);;(20, 12);1;201
0;0.0;MoveNorth;(22, 11);;(20, 12);1;202
0;0.0;MoveNorth;(22, 11);;(20, 12);1;203
0;0.0;MoveNorth;(22, 11);;(20, 12);1;204
0;0.0;MoveNorth;(22, 10);;(20, 12);1;205
0;0.0;MoveNorth;(22, 10);;(20, 12);1;206
0;0.0;MoveNorth;(22, 10);;(20, 12);1;207
0;0.0;MoveNorth;(22, 10);;(20, 12);1;208
0;0.0;MoveNorth;(22, 10);;(20, 12);1;209
0;0.0;MoveNorth;(22, 10);;(20, 12);1;210
0;0.0;MoveNorth;(22, 10);MoveWest;(19, 12);1;211
0;0.0;MoveNorth;(22, 10);;(19, 12);1;212
0;0.0;MoveNorth;(22, 10);;(19, 12);1;213
0;0.0;MoveNorth;(22, 9);;(19, 12);1;214
0;0.0;MoveNorth;(22, 9);;(19, 12);1;215
0;0.0;MoveNorth;(22, 9);;(19, 12);1;216
0;0.0;MoveNorth;(22, 9);;(19, 12);1;217
0;0.0;MoveNorth;(22, 9);;(19, 12);1;218
0;0.0;MoveNorth;(22, 9);;(19, 12);1;219
0;0.0;MoveNorth;(22, 9);;(19, 12);1;220
0;0.0;MoveNorth;(22, 9);;(19, 12);1;221
0;0.0;MoveNorth;(22, 9);;(19, 12);1;222
0;0.0;MoveNorth;(22, 8);;(19, 12);1;223
0;0.0;MoveNorth;(22, 8);;(19, 12);1;224
0;0.0;MoveNorth;(22, 8);;(19, 12);1;225
0;0.0;MoveNorth;(22, 8);;(19, 12);1;226
0;0.0;MoveNorth;(22, 8);;(19, 12);1;227
0;0.0;MoveNorth;(22, 8);;(19, 12);1;228
0;0.0;MoveNorth;(22, 8);;(19, 12);1;229
0;0.0;MoveNorth;(22, 8);;(19, 12);1;230
0;0.0;MoveNorth;(22, 8);;(19, 12);1;231
0;0.0;MoveNorth;(22, 7);;(19, 12);1;232
0;0.0;MoveNorthWest;(22, 7);;(19, 12);1;233
0;0.0;MoveNorthWest;(22, 7);;(19, 12);1;234
0;0.0;MoveNorthWest;(22, 7);;(19, 12);1;235
0;0.0;MoveNorthWest;(22, 7);;(19, 12);1;236
0;0.0;MoveNorthWest;(22, 7);;(19, 12);1;237
0;0.0;MoveNorthWest;(22, 7);;(19, 12);1;238
0;0.0;MoveNorthWest;(22, 7);MoveNorth;(19, 11);1;239
0;0.0;MoveNorthWest;(22, 7);;(19, 11);1;240
0;0.0;MoveNorthWest;(21, 6);;(19, 11);1;241
0;0.0;MoveNorth;(21, 6);;(19, 11);1;242
0;0.0;MoveNorth;(21, 6);;(19, 11);1;243
0;0.0;MoveNorth;(21, 6);MoveNorth;(19, 10);1;244
0;0.0;MoveNorth;(21, 6);;(19, 10);1;245
0;0.0;MoveNorth;(21, 6);;(19, 10);1;246
0;0.0;MoveNorth;(21, 6);;(19, 10);1;247
0;0.0;MoveNorth;(21, 6);;(19, 10);1;248
0;0.0;MoveNorth;(21, 6);;(19, 10);1;249
0;0.0;MoveNorth;(21, 5);;(19, 10);1;250
0;0.0;MoveNorth;(21, 5);;(19, 10);1;251
0;0.0;MoveNorth;(21, 5);;(19, 10);1;252
0;0.0;MoveNorth;(21, 5);;(19, 10);1;253
0;0.0;MoveNorth;(21, 5);;(19, 10);1;254
0;0.0;MoveNorth;(21, 5);;(19, 10);1;255
0;0.0;MoveNorth;(21, 5);MoveNorth;(19, 9);1;256
0;0.0;MoveNorth;(21, 5);;(19, 9);1;257
0;0.0;MoveNorth;(21, 5);;(19, 9);1;258
0;0.0;MoveNorth;(21, 4);;(19, 9);1;259
0;0.0;MoveNorthWest;(21, 4);;(19, 9);1;260
0;0.0;MoveNorthWest;(21, 4);;(19, 9);1;261
0;0.0;MoveNorthWest;(21, 4);;(19, 9);1;262
0;0.0;MoveNorthWest;(21, 4);MoveNorth;(19, 9);1;263
0;0.0;MoveNorthWest;(21, 4);MoveNorth;(19, 9);1;264
0;0.0;MoveNorthWest;(21, 4);MoveNorth;(19, 9);1;265
0;0.0;MoveNorthWest;(21, 4);MoveNorth;(19, 9);1;266
0;0.0;MoveNorthWest;(21, 4);MoveNorth;(19, 9);1;267
0;0.0;MoveNorthWest;(20, 3);MoveNorth;(19, 8);1;268
0;0.0;MoveNorth;(20, 3);;(19, 8);1;269
0;0.0;MoveNorth;(20, 3);MoveNorth;(19, 8);1;270
0;0.0;MoveNorth;(20, 3);MoveNorth;(19, 8);1;271
0;0.0;MoveNorth;(20, 3);MoveNorth;(19, 8);1;272
0;0.0;MoveNorth;(20, 3);MoveNorth;(19, 8);1;273
0;0.0;MoveNorth;(20, 3);MoveNorth;(19, 8);1;274
0;0.0;MoveNorth;(20, 3);MoveNorth;(19, 7);1;275
0;0.0;MoveNorth;(20, 3);MoveNorth;(19, 7);1;276
0;0.0;MoveNorth;(20, 2);MoveNorth;(19, 7);1;277
0;0.0;MoveSouthEast;(20, 2);MoveNorth;(19, 7);1;278
0;0.0;MoveSouthEast;(20, 2);MoveNorth;(19, 7);1;279
0;0.0;MoveSouthEast;(20, 2);MoveNorth;(19, 7);1;280
0;0.0;MoveSouthEast;(20, 2);MoveNorth;(19, 6);1;281
0;0.0;MoveSouthEast;(20, 2);;(19, 6);1;282
0;0.0;MoveSouthEast;(20, 2);;(19, 6);1;283
0;0.0;MoveSouthEast;(20, 2);MoveNorth;(19, 6);1;284
0;0.0;MoveSouthEast;(20, 2);MoveNorth;(19, 6);1;285
0;0.0;MoveSouthEast;(21, 3);MoveNorth;(19, 6);1;286
0;0.0;MoveNorthEast;(21, 3);MoveNorth;(19, 6);1;287
0;0.0;MoveNorthEast;(21, 3);MoveNorth;(19, 6);1;288
0;0.0;MoveNorthEast;(21, 3);MoveNorth;(19, 5);1;289
0;0.0;MoveNorthEast;(21, 3);;(19, 5);1;290
0;0.0;MoveNorthEast;(21, 3);;(19, 5);1;291
0;0.0;MoveNorthEast;(21, 3);;(19, 5);1;292
0;0.0;MoveNorthEast;(21, 3);MoveWest;(19, 5);1;293
0;0.0;MoveNorthEast;(21, 3);MoveWest;(19, 5);1;294
0;0.0;MoveNorthEast;(22, 2);MoveWest;(19, 5);1;295
0;0.0;Idle;(22, 2);MoveWest;(19, 5);1;296
0;0.0;Idle;(22, 2);MoveWest;(19, 5);1;297
0;0.0;Idle;(22, 2);MoveWest;(18, 5);1;298
0;0.0;Idle;(22, 2);;(18, 5);1;299
0;0.0;Idle;(22, 2);MoveWest;(17, 5);1;300
0;0.0;Idle;(22, 2);;(17, 5);1;301
0;0.0;Idle;(22, 2);;(17, 5);1;302
0;0.0;Idle;(22, 2);;(17, 5);1;303
0;0.0;Idle;(22, 2);;(17, 5);1;304
0;0.0;Idle;(22, 2);;(17, 5);1;305
0;0.0;Idle;(22, 2);;(17, 5);1;306
0;0.0;Idle;(22, 2);;(17, 5);1;307
0;0.0;Idle;(22, 2);;(17, 5);1;308
0;0.0;Idle;(22, 2);;(17, 5);1;309
0;0.0;Idle;(22, 2);;(17, 5);1;310
0;0.0;Idle;(22, 2);MoveWest;(16, 5);1;311
0;0.0;Idle;(22, 2);;(16, 5);1;312
0;0.0;Idle;(22, 2);;(16, 5);1;313
0;0.0;Idle;(22, 2);;(16, 5);1;314
0;0.0;Idle;(22, 2);;(16, 5);1;315
0;0.0;Idle;(22, 2);;(16, 5);1;316
0;0.0;Idle;(22, 2);;(16, 5);1;317
0;0.0;Idle;(22, 2);MoveWest;(15, 5);1;318
0;0.0;Idle;(22, 2);;(15, 5);1;319
0;0.0;Idle;(22, 2);;(15, 5);1;320
0;0.0;Idle;(22, 2);;(15, 5);1;321
0;0.0;MoveSouthWest;(22, 2);;(15, 5);1;322
0;0.0;MoveSouthWest;(22, 2);;(15, 5);1;323
0;0.0;MoveSouthWest;(22, 2);;(15, 5);1;324
0;0.0;MoveSouthWest;(22, 2);;(15, 5);1;325
0;0.0;MoveSouthWest;(22, 2);MoveWest;(14, 5);1;326
0;0.0;MoveSouthWest;(22, 2);;(14, 5);1;327
0;0.0;MoveSouthWest;(22, 2);;(14, 5);1;328
0;0.0;MoveSouthWest;(22, 2);;(14, 5);1;329
0;0.0;MoveSouthWest;(21, 3);;(14, 5);1;330
0;0.0;MoveSouth;(21, 3);;(14, 5);1;331
0;0.0;MoveSouth;(21, 3);;(14, 5);1;332
0;0.0;MoveSouth;(21, 3);;(14, 5);1;333
0;0.0;MoveSouth;(21, 3);;(14, 5);1;334
0;0.0;MoveSouth;(21, 3);;(14, 5);1;335
0;0.0;MoveSouth;(21, 3);;(14, 5);1;336
0;0.0;MoveSouth;(21, 3);;(14, 5);1;337
0;0.0;MoveSouth;(21, 3);;(14, 5);1;338
0;0.0;MoveSouth;(21, 4);;(14, 5);1;339
0;0.0;MoveSouthWest;(21, 4);;(14, 5);1;340
0;0.0;MoveSouthWest;(21, 4);;(14, 5);1;341
0;0.0;MoveSouthWest;(21, 4);;(14, 5);1;342
0;0.0;MoveSouthWest;(21, 4);;(14, 5);1;343
0;0.0;MoveSouthWest;(21, 4);MoveWest;(13, 5);1;344
0;0.0;MoveSouthWest;(21, 4);;(13, 5);1;345
0;0.0;MoveSouthWest;(21, 4);;(13, 5);1;346
0;0.0;MoveSouthWest;(21, 4);;(13, 5);1;347
0;0.0;MoveSouthWest;(20, 5);;(13, 5);1;348
0;0.0;MoveWest;(20, 5);;(13, 5);1;349
0;0.0;MoveWest;(20, 5);;(13, 5);1;350
0;0.0;MoveWest;(20, 5);;(13, 5);1;351
0;0.0;MoveWest;(20, 5);;(13, 5);1;352
0;0.0;MoveWest;(20, 5);;(13, 5);1;353
0;0.0;MoveWest;(20, 5);;(13, 5);1;354
0;0.0;MoveWest;(20, 5);;(13, 5);1;355
0;0.0;MoveWest;(20, 5);;(13, 5);1;356
0;0.0;MoveWest;(20, 5);;(13, 5);1;357
0;0.0;MoveWest;(20, 5);;(13, 5);1;358
0;0.0;MoveWest;(20, 5);;(13, 5);1;359
0;0.0;MoveWest;(20, 5);;(13, 5);1;360
0;0.0;MoveWest;(20, 5);;(13, 5);1;361
0;0.0;MoveWest;(19, 5);MoveWest;(12, 5);1;362
0;0.0;MoveWest;(19, 5);;(12, 5);1;363
0;0.0;MoveWest;(19, 5);;(12, 5);1;364
0;0.0;MoveWest;(19, 5);;(12, 5);1;365
0;0.0;MoveWest;(19, 5);;(12, 5);1;366
0;0.0;MoveWest;(19, 5);;(12, 5);1;367
0;0.0;MoveWest;(19, 5);;(12, 5);1;368
0;0.0;MoveWest;(19, 5);;(12, 5);1;369
0;0.0;MoveWest;(19, 5);;(12, 5);1;370
0;0.0;MoveWest;(19, 5);;(12, 5);1;371
0;0.0;MoveWest;(19, 5);MoveWest;(11, 5);1;372
0;0.0;MoveWest;(19, 5);;(11, 5);1;373
0;0.0;MoveWest;(19, 5);;(11, 5);1;374
0;0.0;MoveWest;(19, 5);;(11, 5);1;375
0;0.0;MoveWest;(18, 5);;(11, 5);1;376
0;0.0;MoveWest;(18, 5);;(11, 5);1;377
0;0.0;MoveWest;(18, 5);;(11, 5);1;378
0;0.0;MoveWest;(18, 5);;(11, 5);1;379
0;0.0;MoveWest;(18, 5);MoveWest;(10, 5);1;380
0;0.0;MoveWest;(18, 5);;(10, 5);1;381
0;0.0;MoveWest;(18, 5);;(10, 5);1;382
0;0.0;MoveWest;(18, 5);;(10, 5);1;383
0;0.0;MoveWest;(18, 5);;(10, 5);1;384
0;0.0;MoveWest;(17, 5);;(10, 5);1;385
0;0.0;MoveWest;(17, 5);;(10, 5);1;386
0;0.0;MoveWest;(17, 5);;(10, 5);1;387
0;0.0;MoveWest;(17, 5);;(10, 5);1;388
0;0.0;MoveWest;(17, 5);;(10, 5);1;389
0;0.0;MoveWest;(17, 5);;(10, 5);1;390
0;0.0;MoveWest;(17, 5);MoveWest;(10, 5);1;391
0;0.0;MoveWest;(17, 5);MoveWest;(10, 5);1;392
0;0.0;MoveWest;(17, 5);MoveWest;(10, 5);1;393
0;0.0;MoveWest;(16, 5);MoveWest;(10, 5);1;394
0;0.0;MoveWest;(16, 5);MoveWest;(10, 5);1;395
0;0.0;MoveWest;(16, 5);MoveWest;(9, 5);1;396
0;0.0;MoveWest;(16, 5);;(9, 5);1;397
0;0.0;MoveWest;(16, 5);;(9, 5);1;398
0;0.0;MoveWest;(16, 5);;(9, 5);1;399
0;0.0;MoveWest;(16, 5);;(9, 5);1;400
0;0.0;MoveWest;(16, 5);;(9, 5);1;401
0;0.0;MoveWest;(16, 5);;(9, 5);1;402
0;0.0;MoveWest;(15, 5);;(9, 5);1;403
0;0.0;;(15, 5);;(9, 5);1;404
0;0.0;;(15, 5);;(9, 5);1;405
0;0.0;;(15, 5);;(9, 5);1;406
0;0.0;;(15, 5);;(9, 5);1;407
0;0.0;;(15, 5);;(9, 5);1;408
0;0.0;;(15, 5);;(9, 5);1;409
0;0.0;;(15, 5);;(9, 5);1;410
0;0.0;;(15, 5);;(9, 5);1;411
0;0.0;;(15, 5);;(9, 5);1;412
0;0.0;;(15, 5);;(9, 5);1;413
0;0.0;;(15, 5);;(9, 5);1;414
0;0.0;;(15, 5);;(9, 5);1;415
0;0.0;;(15, 5);;(9, 5);1;416
0;0.0;;(15, 5);;(9, 5);1;417
0;0.0;;(15, 5);;(9, 5);1;418
0;0.0;;(15, 5);;(9, 5);1;419
0;0.0;;(15, 5);;(9, 5);1;420
0;0.0;;(15, 5);;(9, 5);1;421
0;0.0;;(15, 5);;(9, 5);1;422
0;0.0;;(15, 5);;(9, 5);1;423
0;0.0;;(15, 5);;(9, 5);1;424
0;0.0;;(15, 5);;(9, 5);1;425
0;0.0;;(15, 5);;(9, 5);1;426
0;0.0;;(15, 5);;(9, 5);1;427
0;0.0;;(15, 5);;(9, 5);1;428
0;0.0;;(15, 5);;(9, 5);1;429
0;0.0;;(15, 5);;(9, 5);1;430
0;0.0;;(15, 5);;(9, 5);1;431
0;0.0;;(15, 5);;(9, 5);1;432
0;0.0;;(15, 5);;(9, 5);1;433
0;0.0;;(15, 5);;(9, 5);1;434
0;0.0;;(15, 5);;(9, 5);1;435
0;0.0;;(15, 5);;(9, 5);1;436
0;0.0;;(15, 5);;(9, 5);1;437
0;0.0;;(15, 5);;(9, 5);1;438
0;0.0;;(15, 5);;(9, 5);1;439
0;0.0;;(15, 5);;(9, 5);1;440
0;0.0;;(15, 5);;(9, 5);1;441
0;0.0;;(15, 5);;(9, 5);1;442
0;0.0;;(15, 5);;(9, 5);1;443
0;0.0;;(15, 5);;(9, 5);1;444
0;0.0;;(15, 5);;(9, 5);1;445
0;0.0;;(15, 5);;(9, 5);1;446
0;0.0;;(15, 5);;(9, 5);1;447
0;0.0;;(15, 5);;(9, 5);1;448
0;0.0;;(15, 5);;(9, 5);1;449
0;0.0;;(15, 5);;(9, 5);1;450
0;0.0;;(15, 5);;(9, 5);1;451
0;0.0;;(15, 5);;(9, 5);1;452
0;0.0;;(15, 5);;(9, 5);1;453
0;0.0;;(15, 5);;(9, 5);1;454
0;0.0;;(15, 5);;(9, 5);1;455
0;0.0;;(15, 5);MoveEast;(10, 5);1;456
0;0.0;;(15, 5);;(10, 5);1;457
0;0.0;;(15, 5);;(10, 5);1;458
0;0.0;;(15, 5);;(10, 5);1;459
0;0.0;;(15, 5);MoveEast;(10, 5);1;460
0;0.0;;(15, 5);MoveEast;(10, 5);1;461
0;0.0;;(15, 5);MoveEast;(10, 5);1;462
0;0.0;;(15, 5);MoveEast;(10, 5);1;463
0;0.0;;(15, 5);MoveEast;(10, 5);1;464
0;0.0;;(15, 5);MoveEast;(11, 5);1;465
0;0.0;;(15, 5);MoveEast;(12, 5);1;466
0;0.0;;(15, 5);;(12, 5);1;467
0;0.0;;(15, 5);MoveEast;(13, 5);1;468
0;0.0;;(15, 5);;(13, 5);1;469
0;0.0;;(15, 5);;(13, 5);1;470
0;0.0;;(15, 5);;(13, 5);1;471
0;0.0;;(15, 5);;(13, 5);1;472
0;0.0;;(15, 5);;(13, 5);1;473
0;0.0;;(15, 5);MoveEast;(14, 5);1;474
0;0.0;;(15, 5);;(14, 5);1;475
0;0.0;;(15, 5);;(14, 5);1;476
0;0.0;;(15, 5);;(14, 5);1;477
0;0.0;;(15, 5);;(14, 5);1;478
0;0.0;;(15, 5);;(14, 5);1;479
0;0.0;;(15, 5);;(14, 5);1;480
0;0.0;;(15, 5);;(14, 5);1;481
0;0.0;;(15, 5);;(14, 5);1;482
0;0.0;;(15, 5);;(14, 5);1;483
0;0.0;;(15, 5);;(14, 5);1;484
0;0.0;;(15, 5);;(14, 5);1;485
0;0.0;;(15, 5);;(14, 5);1;486
0;0.0;;(15, 5);;(14, 5);1;487
0;0.0;;(15, 5);;(14, 5);1;488
0;0.0;;(15, 5);;(14, 5);1;489
0;0.0;;(15, 5);;(14, 5);1;490
0;0.0;;(15, 5);;(14, 5);1;491
0;0.0;;(15, 5);;(14, 5);1;492
0;0.0;;(15, 5);;(14, 5);1;493
0;0.0;;(15, 5);;(14, 5);1;494
0;0.0;;(15, 5);MoveEast;(15, 5);1;495
0;0.0;;(15, 5);;(15, 5);1;496
0;0.0;;(15, 5);;(15, 5);1;497
0;0.0;;(15, 5);;(15, 5);1;498
0;0.0;;(15, 5);;(15, 5);1;499
0;0.0;;(15, 5);;(15, 5);1;500
0;0.0;;(15, 5);;(15, 5);1;501
0;0.0;;(15, 5);;(15, 5);1;502
0;0.0;;(15, 5);;(15, 5);1;503
0;0.0;;(15, 5);;(15, 5);1;504
0;0.0;;(15, 5);;(15, 5);1;505
0;0.0;;(15, 5);;(15, 5);1;506
0;0.0;;(15, 5);;(15, 5);1;507
0;0.0;;(15, 5);;(15, 5);1;508
0;0.0;;(15, 5);;(15, 5);1;509
0;0.0;;(15, 5);;(15, 5);1;510
0;0.0;;(15, 5);;(15, 5);1;511
0;0.0;;(15, 5);;(15, 5);1;512
0;0.0;;(15, 5);;(15, 5);1;513
0;0.0;;(15, 5);;(15, 5);1;514
0;0.0;;(15, 5);;(15, 5);1;515
0;0.0;;(15, 5);;(15, 5);1;516
0;0.0;;(15, 5);;(15, 5);1;517
0;0.0;;(15, 5);RemoveObjectTogether;(15, 5);1;518
0;0.0;;(15, 5);RemoveObjectTogether;(15, 5);1;519
0;0.0;;(15, 5);RemoveObjectTogether;(15, 5);1;520
0;0.0;;(15, 5);RemoveObjectTogether;(15, 5);1;521
0;0.0;;(15, 5);RemoveObjectTogether;(15, 5);1;522
0;0.0;;(15, 5);RemoveObjectTogether;(15, 5);1;523
0;0.0;;(15, 5);RemoveObjectTogether;(15, 5);1;524
0;0.0;;(15, 5);RemoveObjectTogether;(15, 5);1;525
0;0.0;;(15, 5);RemoveObjectTogether;(15, 5);1;526
0;0.0;;(15, 5);RemoveObjectTogether;(15, 5);1;527
0;0.0;;(15, 5);RemoveObjectTogether;(15, 5);1;528
0;0.0;;(15, 5);RemoveObjectTogether;(15, 5);1;529
0;0.0;;(15, 5);RemoveObjectTogether;(15, 5);1;530
0;0.0;;(15, 5);RemoveObjectTogether;(15, 5);1;531
0;0.0;;(15, 5);RemoveObjectTogether;(15, 5);1;532
0;0.0;;(15, 5);RemoveObjectTogether;(15, 5);1;533
0;0.0;;(15, 5);RemoveObjectTogether;(15, 5);1;534
0;0.0;;(15, 5);RemoveObjectTogether;(15, 5);1;535
0;0.0;;(15, 5);RemoveObjectTogether;(15, 5);1;536
0;0.0;;(15, 5);RemoveObjectTogether;(15, 5);1;537
0;0.0;;(15, 5);RemoveObjectTogether;(15, 5);1;538
0;0.0;;(15, 5);RemoveObjectTogether;(15, 5);1;539
0;0.0;;(15, 5);RemoveObjectTogether;(15, 5);1;540
0;0.0;;(15, 5);RemoveObjectTogether;(15, 5);1;541
0;0.0;;(15, 5);RemoveObjectTogether;(15, 5);1;542
0;0.0;;(15, 5);RemoveObjectTogether;(15, 5);1;543
0;0.0;;(15, 5);RemoveObjectTogether;(15, 5);1;544
0;0.0;;(15, 5);RemoveObjectTogether;(15, 5);1;545
0;0.0;;(15, 5);RemoveObjectTogether;(15, 5);1;546
0;0.0;;(15, 5);RemoveObjectTogether;(15, 5);1;547
0;0.0;;(15, 5);RemoveObjectTogether;(15, 5);1;548
0;0.0;;(15, 5);RemoveObjectTogether;(15, 5);1;549
0;0.0;;(15, 5);RemoveObjectTogether;(15, 5);1;550
0;0.0;;(15, 5);RemoveObjectTogether;(15, 5);1;551
0;0.0;;(15, 5);RemoveObjectTogether;(15, 5);1;552
0;0.0;;(15, 5);RemoveObjectTogether;(15, 5);1;553
0;0.0;;(15, 5);RemoveObjectTogether;(15, 5);1;554
0;0.0;;(15, 5);RemoveObjectTogether;(15, 5);1;555
0;0.0;;(15, 5);RemoveObjectTogether;(15, 5);1;556
0;0.0;;(15, 5);RemoveObjectTogether;(15, 5);1;557
0;0.0;;(15, 5);RemoveObjectTogether;(15, 5);1;558
0;0.0;;(15, 5);RemoveObjectTogether;(15, 5);1;559
0;0.0;;(15, 5);RemoveObjectTogether;(15, 5);1;560
0;0.0;;(15, 5);RemoveObjectTogether;(15, 5);1;561
0;0.0;;(15, 5);RemoveObjectTogether;(15, 5);1;562
0;0.0;;(15, 5);RemoveObjectTogether;(15, 5);1;563
0;0.0;;(15, 5);RemoveObjectTogether;(15, 5);1;564
0;0.0;;(15, 5);RemoveObjectTogether;(15, 5);1;565
0;0.0;;(15, 5);RemoveObjectTogether;(15, 5);1;566
0;0.0;;(15, 5);RemoveObjectTogether;(15, 5);1;567
0;0.0;;(15, 5);RemoveObjectTogether;(15, 5);1;568
0;0.0;MoveNorth;(15, 5);;(15, 5);1;569
0;0.0;MoveNorth;(15, 5);;(15, 5);1;570
0;0.0;MoveNorth;(15, 5);;(15, 5);1;571
0;0.0;MoveNorth;(15, 5);;(15, 5);1;572
0;0.0;MoveNorth;(15, 5);;(15, 5);1;573
0;0.0;MoveNorth;(15, 5);;(15, 5);1;574
0;0.0;MoveNorth;(15, 5);;(15, 5);1;575
0;0.0;MoveNorth;(15, 5);;(15, 5);1;576
0;0.0;MoveNorth;(15, 4);;(15, 5);1;577
0;0.0;MoveNorthWest;(15, 4);;(15, 5);1;578
0;0.0;MoveNorthWest;(15, 4);;(15, 5);1;579
0;0.0;MoveNorthWest;(15, 4);;(15, 5);1;580
0;0.0;MoveNorthWest;(15, 4);;(15, 5);1;581
0;0.0;MoveNorthWest;(15, 4);;(15, 5);1;582
0;0.0;MoveNorthWest;(15, 4);;(15, 5);1;583
0;0.0;MoveNorthWest;(15, 4);;(15, 5);1;584
0;0.0;MoveNorthWest;(15, 4);;(15, 5);1;585
0;0.0;MoveNorthWest;(14, 3);;(15, 5);1;586
0;0.0;MoveNorth;(14, 3);;(15, 5);1;587
0;0.0;MoveNorth;(14, 3);;(15, 5);1;588
0;0.0;MoveNorth;(14, 3);;(15, 5);1;589
0;0.0;MoveNorth;(14, 3);;(15, 5);1;590
0;0.0;MoveNorth;(14, 3);;(15, 5);1;591
0;0.0;MoveNorth;(14, 3);;(15, 5);1;592
0;0.0;MoveNorth;(14, 3);;(15, 5);1;593
0;0.0;MoveNorth;(14, 3);;(15, 5);1;594
0;0.0;MoveNorth;(14, 2);;(15, 5);1;595
0;0.0;MoveSouthEast;(14, 2);;(15, 5);1;596
0;0.0;MoveSouthEast;(14, 2);;(15, 5);1;597
0;0.0;MoveSouthEast;(14, 2);;(15, 5);1;598
0;0.0;MoveSouthEast;(14, 2);;(15, 5);1;599
0;0.0;MoveSouthEast;(14, 2);;(15, 5);1;600
0;0.0;MoveSouthEast;(14, 2);;(15, 5);1;601
0;0.0;MoveSouthEast;(14, 2);;(15, 5);1;602
0;0.0;MoveSouthEast;(14, 2);;(15, 5);1;603
0;0.0;MoveSouthEast;(15, 3);;(15, 5);1;604
0;0.0;MoveNorthEast;(15, 3);;(15, 5);1;605
0;0.0;MoveNorthEast;(15, 3);;(15, 5);1;606
0;0.0;MoveNorthEast;(15, 3);;(15, 5);1;607
0;0.0;MoveNorthEast;(15, 3);;(15, 5);1;608
0;0.0;MoveNorthEast;(15, 3);;(15, 5);1;609
0;0.0;MoveNorthEast;(15, 3);;(15, 5);1;610
0;0.0;MoveNorthEast;(15, 3);;(15, 5);1;611
0;0.0;MoveNorthEast;(15, 3);;(15, 5);1;612
0;0.0;MoveNorthEast;(16, 2);;(15, 5);1;613
0;0.0;Idle;(16, 2);;(15, 5);1;614
0;0.0;Idle;(16, 2);;(15, 5);1;615
0;0.0;Idle;(16, 2);;(15, 5);1;616
0;0.0;Idle;(16, 2);;(15, 5);1;617
0;0.0;Idle;(16, 2);;(15, 5);1;618
0;0.0;Idle;(16, 2);;(15, 5);1;619
0;0.0;Idle;(16, 2);;(15, 5);1;620
0;0.0;Idle;(16, 2);;(15, 5);1;621
0;0.0;Idle;(16, 2);;(15, 5);1;622
0;0.0;Idle;(16, 2);;(15, 5);1;623
0;0.0;Idle;(16, 2);;(15, 5);1;624
0;0.0;Idle;(16, 2);;(15, 5);1;625
0;0.0;Idle;(16, 2);;(15, 5);1;626
0;0.0;Idle;(16, 2);;(15, 5);1;627
0;0.0;Idle;(16, 2);;(15, 5);1;628
0;0.0;Idle;(16, 2);;(15, 5);1;629
0;0.0;Idle;(16, 2);;(15, 5);1;630
0;0.0;Idle;(16, 2);;(15, 5);1;631
0;0.0;Idle;(16, 2);;(15, 5);1;632
0;0.0;Idle;(16, 2);;(15, 5);1;633
0;0.0;Idle;(16, 2);;(15, 5);1;634
0;0.0;Idle;(16, 2);;(15, 5);1;635
0;0.0;Idle;(16, 2);;(15, 5);1;636
0;0.0;Idle;(16, 2);;(15, 5);1;637
0;0.0;Idle;(16, 2);;(15, 5);1;638
0;0.0;Idle;(16, 2);;(15, 5);1;639
0;0.0;MoveSouth;(16, 2);;(15, 5);1;640
0;0.0;MoveSouth;(16, 2);;(15, 5);1;641
0;0.0;MoveSouth;(16, 2);;(15, 5);1;642
0;0.0;MoveSouth;(16, 2);;(15, 5);1;643
0;0.0;MoveSouth;(16, 2);;(15, 5);1;644
0;0.0;MoveSouth;(16, 2);;(15, 5);1;645
0;0.0;MoveSouth;(16, 2);;(15, 5);1;646
0;0.0;MoveSouth;(16, 2);;(15, 5);1;647
0;0.0;MoveSouth;(16, 3);;(15, 5);1;648
0;0.0;MoveSouthWest;(16, 3);;(15, 5);1;649
0;0.0;MoveSouthWest;(16, 3);;(15, 5);1;650
0;0.0;MoveSouthWest;(16, 3);;(15, 5);1;651
0;0.0;MoveSouthWest;(16, 3);;(15, 5);1;652
0;0.0;MoveSouthWest;(16, 3);;(15, 5);1;653
0;0.0;MoveSouthWest;(16, 3);;(15, 5);1;654
0;0.0;MoveSouthWest;(16, 3);;(15, 5);1;655
0;0.0;MoveSouthWest;(16, 3);;(15, 5);1;656
0;0.0;MoveSouthWest;(15, 4);;(15, 5);1;657
0;0.0;MoveSouth;(15, 4);MoveNorth;(15, 4);1;658
0;0.0;MoveSouth;(15, 4);;(15, 4);1;659
0;0.0;MoveSouth;(15, 4);;(15, 4);1;660
0;0.0;MoveSouth;(15, 4);;(15, 4);1;661
0;0.0;MoveSouth;(15, 4);;(15, 4);1;662
0;0.0;MoveSouth;(15, 4);;(15, 4);1;663
0;0.0;MoveSouth;(15, 4);;(15, 4);1;664
0;0.0;MoveSouth;(15, 4);MoveNorth;(15, 3);1;665
0;0.0;MoveSouth;(15, 5);;(15, 3);1;666
0;0.0;MoveSouth;(15, 5);;(15, 3);1;667
0;0.0;MoveSouth;(15, 5);;(15, 3);1;668
0;0.0;MoveSouth;(15, 5);;(15, 3);1;669
0;0.0;MoveSouth;(15, 5);;(15, 3);1;670
0;0.0;MoveSouth;(15, 5);;(15, 3);1;671
0;0.0;MoveSouth;(15, 5);;(15, 3);1;672
0;0.0;MoveSouth;(15, 5);;(15, 3);1;673
0;0.0;MoveSouth;(15, 5);;(15, 3);1;674
0;0.0;MoveSouth;(15, 6);;(15, 3);1;675
0;0.0;;(15, 6);;(15, 3);1;676
0;0.0;;(15, 6);;(15, 3);1;677
0;0.0;;(15, 6);;(15, 3);1;678
0;0.0;;(15, 6);;(15, 3);1;679
0;0.0;;(15, 6);;(15, 3);1;680
0;0.0;;(15, 6);;(15, 3);1;681
0;0.0;;(15, 6);;(15, 3);1;682
0;0.0;;(15, 6);;(15, 3);1;683
0;0.0;;(15, 6);;(15, 3);1;684
0;0.0;;(15, 6);;(15, 3);1;685
0;0.0;;(15, 6);;(15, 3);1;686
0;0.0;;(15, 6);;(15, 3);1;687
0;0.0;;(15, 6);;(15, 3);1;688
0;0.0;;(15, 6);;(15, 3);1;689
0;0.0;;(15, 6);;(15, 3);1;690
0;0.0;;(15, 6);;(15, 3);1;691
0;0.0;;(15, 6);;(15, 3);1;692
0;0.0;;(15, 6);;(15, 3);1;693
0;0.0;;(15, 6);;(15, 3);1;694
0;0.0;;(15, 6);;(15, 3);1;695
0;0.0;;(15, 6);;(15, 3);1;696
0;0.0;;(15, 6);;(15, 3);1;697
0;0.0;;(15, 6);;(15, 3);1;698
0;0.0;;(15, 6);;(15, 3);1;699
0;0.0;;(15, 6);;(15, 3);1;700
0;0.0;;(15, 6);;(15, 3);1;701
0;0.0;;(15, 6);;(15, 3);1;702
0;0.0;;(15, 6);;(15, 3);1;703
0;0.0;;(15, 6);;(15, 3);1;704
0;0.0;;(15, 6);;(15, 3);1;705
0;0.0;;(15, 6);;(15, 3);1;706
0;0.0;;(15, 6);;(15, 3);1;707
0;0.0;;(15, 6);;(15, 3);1;708
0;0.0;RemoveObject;(15, 6);;(15, 3);1;709
0;0.0;RemoveObject;(15, 6);;(15, 3);1;710
0;0.0;RemoveObject;(15, 6);;(15, 3);1;711
0;0.0;RemoveObject;(15, 6);;(15, 3);1;712
0;0.0;RemoveObject;(15, 6);;(15, 3);1;713
0;0.0;RemoveObject;(15, 6);;(15, 3);1;714
0;0.0;RemoveObject;(15, 6);;(15, 3);1;715
0;0.0;RemoveObject;(15, 6);;(15, 3);1;716
0;0.0;RemoveObject;(15, 6);;(15, 3);1;717
0;0.0;RemoveObject;(15, 6);;(15, 3);1;718
0;0.0;RemoveObject;(15, 6);;(15, 3);1;719
0;0.0;RemoveObject;(15, 6);MoveSouth;(15, 4);1;720
0;0.0;RemoveObject;(15, 6);;(15, 4);1;721
0;0.0;RemoveObject;(15, 6);;(15, 4);1;722
0;0.0;RemoveObject;(15, 6);;(15, 4);1;723
0;0.0;RemoveObject;(15, 6);;(15, 4);1;724
0;0.0;RemoveObject;(15, 6);;(15, 4);1;725
0;0.0;RemoveObject;(15, 6);;(15, 4);1;726
0;0.0;RemoveObject;(15, 6);MoveSouth;(15, 5);1;727
0;0.0;RemoveObject;(15, 6);;(15, 5);1;728
0;0.0;RemoveObject;(15, 6);;(15, 5);1;729
0;0.0;RemoveObject;(15, 6);;(15, 5);1;730
0;0.0;RemoveObject;(15, 6);;(15, 5);1;731
0;0.0;RemoveObject;(15, 6);;(15, 5);1;732
0;0.0;RemoveObject;(15, 6);;(15, 5);1;733
0;0.0;RemoveObject;(15, 6);MoveSouth;(15, 6);1;734
0;0.0;RemoveObject;(15, 6);;(15, 6);1;735
0;0.0;RemoveObject;(15, 6);;(15, 6);1;736
0;0.0;RemoveObject;(15, 6);;(15, 6);1;737
0;0.0;RemoveObject;(15, 6);;(15, 6);1;738
0;0.0;RemoveObject;(15, 6);MoveWest;(14, 6);1;739
0;0.0;RemoveObject;(15, 6);;(14, 6);1;740
0;0.0;RemoveObject;(15, 6);;(14, 6);1;741
0;0.0;RemoveObject;(15, 6);;(14, 6);1;742
0;0.0;RemoveObject;(15, 6);;(14, 6);1;743
0;0.0;RemoveObject;(15, 6);;(14, 6);1;744
0;0.0;RemoveObject;(15, 6);;(14, 6);1;745
0;0.0;RemoveObject;(15, 6);MoveWest;(13, 6);1;746
0;0.0;RemoveObject;(15, 6);;(13, 6);1;747
0;0.0;RemoveObject;(15, 6);;(13, 6);1;748
0;0.0;RemoveObject;(15, 6);;(13, 6);1;749
0;0.0;RemoveObject;(15, 6);;(13, 6);1;750
0;0.0;RemoveObject;(15, 6);;(13, 6);1;751
0;0.0;RemoveObject;(15, 6);;(13, 6);1;752
0;0.0;RemoveObject;(15, 6);MoveWest;(12, 6);1;753
0;0.0;RemoveObject;(15, 6);;(12, 6);1;754
0;0.0;RemoveObject;(15, 6);;(12, 6);1;755
0;0.0;RemoveObject;(15, 6);;(12, 6);1;756
0;0.0;RemoveObject;(15, 6);;(12, 6);1;757
0;0.0;RemoveObject;(15, 6);;(12, 6);1;758
0;0.0;RemoveObject;(15, 6);;(12, 6);1;759
0;0.0;RemoveObject;(15, 6);MoveWest;(12, 6);1;760
0;0.0;RemoveObject;(15, 6);MoveWest;(12, 6);1;761
0;0.0;RemoveObject;(15, 6);MoveWest;(12, 6);1;762
0;0.0;RemoveObject;(15, 6);MoveWest;(12, 6);1;763
0;0.0;RemoveObject;(15, 6);MoveWest;(12, 6);1;764
0;0.0;RemoveObject;(15, 6);MoveWest;(11, 6);1;765
0;0.0;RemoveObject;(15, 6);;(11, 6);1;766
0;0.0;RemoveObject;(15, 6);;(11, 6);1;767
0;0.0;RemoveObject;(15, 6);;(11, 6);1;768
0;0.0;RemoveObject;(15, 6);;(11, 6);1;769
0;0.0;RemoveObject;(15, 6);;(11, 6);1;770
0;0.0;RemoveObject;(15, 6);;(11, 6);1;771
0;0.0;RemoveObject;(15, 6);;(11, 6);1;772
0;0.0;RemoveObject;(15, 6);MoveWest;(11, 6);1;773
0;0.0;RemoveObject;(15, 6);MoveWest;(11, 6);1;774
0;0.0;RemoveObject;(15, 6);MoveWest;(11, 6);1;775
0;0.0;RemoveObject;(15, 6);MoveWest;(11, 6);1;776
0;0.0;RemoveObject;(15, 6);MoveWest;(11, 6);1;777
0;0.0;RemoveObject;(15, 6);MoveWest;(10, 6);1;778
0;0.0;RemoveObject;(15, 6);;(10, 6);1;779
0;0.0;RemoveObject;(15, 6);;(10, 6);1;780
0;0.0;RemoveObject;(15, 6);;(10, 6);1;781
0;0.0;RemoveObject;(15, 6);;(10, 6);1;782
0;0.0;RemoveObject;(15, 6);;(10, 6);1;783
0;0.0;RemoveObject;(15, 6);;(10, 6);1;784
0;0.0;RemoveObject;(15, 6);MoveWest;(10, 6);1;785
0;0.0;RemoveObject;(15, 6);MoveWest;(10, 6);1;786
0;0.0;RemoveObject;(15, 6);MoveWest;(10, 6);1;787
0;0.0;RemoveObject;(15, 6);MoveWest;(10, 6);1;788
0;0.0;RemoveObject;(15, 6);MoveWest;(10, 6);1;789
0;0.0;RemoveObject;(15, 6);MoveWest;(9, 6);1;790
0;0.0;RemoveObject;(15, 6);;(9, 6);1;791
0;0.0;RemoveObject;(15, 6);;(9, 6);1;792
0;0.0;RemoveObject;(15, 6);;(9, 6);1;793
0;0.0;RemoveObject;(15, 6);;(9, 6);1;794
0;0.0;RemoveObject;(15, 6);;(9, 6);1;795
0;0.0;RemoveObject;(15, 6);;(9, 6);1;796
0;0.0;RemoveObject;(15, 6);;(9, 6);1;797
0;0.0;RemoveObject;(15, 6);;(9, 6);1;798
0;0.0;RemoveObject;(15, 6);;(9, 6);1;799
0;0.0;RemoveObject;(15, 6);;(9, 6);1;800
0;0.0;RemoveObject;(15, 6);;(9, 6);1;801
0;0.0;RemoveObject;(15, 6);;(9, 6);1;802
0;0.0;RemoveObject;(15, 6);;(9, 6);1;803
0;0.0;RemoveObject;(15, 6);;(9, 6);1;804
0;0.0;RemoveObject;(15, 6);;(9, 6);1;805
0;0.0;RemoveObject;(15, 6);;(9, 6);1;806
0;0.0;RemoveObject;(15, 6);;(9, 6);1;807
0;0.0;RemoveObject;(15, 6);;(9, 6);1;808
0;0.0;RemoveObject;(15, 6);;(9, 6);1;809
0;0.0;MoveSouth;(15, 6);;(9, 6);1;810
0;0.0;MoveSouth;(15, 6);;(9, 6);1;811
0;0.0;MoveSouth;(15, 6);;(9, 6);1;812
0;0.0;MoveSouth;(15, 6);RemoveObject;(9, 6);1;813
0;0.0;MoveSouth;(15, 6);RemoveObject;(9, 6);1;814
0;0.0;MoveSouth;(15, 6);RemoveObject;(9, 6);1;815
0;0.0;MoveSouth;(15, 6);RemoveObject;(9, 6);1;816
0;0.0;MoveSouth;(15, 6);RemoveObject;(9, 6);1;817
0;0.0;MoveSouth;(15, 7);RemoveObject;(9, 6);1;818
0;0.0;MoveSouthWest;(15, 7);RemoveObject;(9, 6);1;819
0;0.0;MoveSouthWest;(15, 7);RemoveObject;(9, 6);1;820
0;0.0;MoveSouthWest;(15, 7);RemoveObject;(9, 6);1;821
0;0.0;MoveSouthWest;(15, 7);RemoveObject;(9, 6);1;822
0;0.0;MoveSouthWest;(15, 7);RemoveObject;(9, 6);1;823
0;0.0;MoveSouthWest;(15, 7);RemoveObject;(9, 6);1;824
0;0.0;MoveSouthWest;(15, 7);RemoveObject;(9, 6);1;825
0;0.0;MoveSouthWest;(15, 7);RemoveObject;(9, 6);1;826
0;0.0;MoveSouthWest;(14, 8);RemoveObject;(9, 6);1;827
0;0.0;MoveSouthEast;(14, 8);RemoveObject;(9, 6);1;828
0;0.0;MoveSouthEast;(14, 8);RemoveObject;(9, 6);1;829
0;0.0;MoveSouthEast;(14, 8);RemoveObject;(9, 6);1;830
0;0.0;MoveSouthEast;(14, 8);RemoveObject;(9, 6);1;831
0;0.0;MoveSouthEast;(14, 8);RemoveObject;(9, 6);1;832
0;0.0;MoveSouthEast;(14, 8);RemoveObject;(9, 6);1;833
0;0.0;MoveSouthEast;(14, 8);RemoveObject;(9, 6);1;834
0;0.0;MoveSouthEast;(14, 8);RemoveObject;(9, 6);1;835
0;0.0;MoveSouthEast;(15, 9);RemoveObject;(9, 6);1;836
0;0.0;MoveNorthEast;(15, 9);RemoveObject;(9, 6);1;837
0;0.0;MoveNorthEast;(15, 9);RemoveObject;(9, 6);1;838
0;0.0;MoveNorthEast;(15, 9);RemoveObject;(9, 6);1;839
0;0.0;MoveNorthEast;(15, 9);RemoveObject;(9, 6);1;840
0;0.0;MoveNorthEast;(15, 9);RemoveObject;(9, 6);1;841
0;0.0;MoveNorthEast;(15, 9);RemoveObject;(9, 6);1;842
0;0.0;MoveNorthEast;(15, 9);RemoveObject;(9, 6);1;843
0;0.0;MoveNorthEast;(15, 9);RemoveObject;(9, 6);1;844
0;0.0;MoveNorthEast;(16, 8);RemoveObject;(9, 6);1;845
0;0.0;;(16, 8);RemoveObject;(9, 6);1;846
0;0.0;;(16, 8);RemoveObject;(9, 6);1;847
0;0.0;;(16, 8);RemoveObject;(9, 6);1;848
0;0.0;;(16, 8);RemoveObject;(9, 6);1;849
0;0.0;;(16, 8);RemoveObject;(9, 6);1;850
0;0.0;;(16, 8);RemoveObject;(9, 6);1;851
0;0.0;;(16, 8);RemoveObject;(9, 6);1;852
0;0.0;;(16, 8);RemoveObject;(9, 6);1;853
0;0.0;;(16, 8);RemoveObject;(9, 6);1;854
0;0.0;;(16, 8);RemoveObject;(9, 6);1;855
0;0.0;;(16, 8);RemoveObject;(9, 6);1;856
0;0.0;;(16, 8);RemoveObject;(9, 6);1;857
0;0.0;;(16, 8);RemoveObject;(9, 6);1;858
0;0.0;;(16, 8);RemoveObject;(9, 6);1;859
0;0.0;;(16, 8);RemoveObject;(9, 6);1;860
0;0.0;;(16, 8);RemoveObject;(9, 6);1;861
0;0.0;;(16, 8);RemoveObject;(9, 6);1;862
0;0.0;;(16, 8);RemoveObject;(9, 6);1;863
0;0.0;;(16, 8);RemoveObject;(9, 6);1;864
0;0.0;;(16, 8);RemoveObject;(9, 6);1;865
0;0.0;;(16, 8);RemoveObject;(9, 6);1;866
0;0.0;;(16, 8);RemoveObject;(9, 6);1;867
0;0.0;;(16, 8);RemoveObject;(9, 6);1;868
0;0.0;;(16, 8);RemoveObject;(9, 6);1;869
0;0.0;;(16, 8);RemoveObject;(9, 6);1;870
0;0.0;;(16, 8);RemoveObject;(9, 6);1;871
0;0.0;;(16, 8);RemoveObject;(9, 6);1;872
0;0.0;;(16, 8);RemoveObject;(9, 6);1;873
0;0.0;;(16, 8);RemoveObject;(9, 6);1;874
0;0.0;;(16, 8);RemoveObject;(9, 6);1;875
0;0.0;;(16, 8);RemoveObject;(9, 6);1;876
0;0.0;;(16, 8);RemoveObject;(9, 6);1;877
0;0.0;;(16, 8);RemoveObject;(9, 6);1;878
0;0.0;;(16, 8);RemoveObject;(9, 6);1;879
0;0.0;;(16, 8);RemoveObject;(9, 6);1;880
0;0.0;;(16, 8);RemoveObject;(9, 6);1;881
0;0.0;;(16, 8);RemoveObject;(9, 6);1;882
0;0.0;;(16, 8);RemoveObject;(9, 6);1;883
0;0.0;;(16, 8);RemoveObject;(9, 6);1;884
0;0.0;;(16, 8);RemoveObject;(9, 6);1;885
0;0.0;;(16, 8);RemoveObject;(9, 6);1;886
0;0.0;;(16, 8);RemoveObject;(9, 6);1;887
0;0.0;;(16, 8);RemoveObject;(9, 6);1;888
0;0.0;;(16, 8);RemoveObject;(9, 6);1;889
0;0.0;;(16, 8);RemoveObject;(9, 6);1;890
0;0.0;;(16, 8);RemoveObject;(9, 6);1;891
0;0.0;;(16, 8);RemoveObject;(9, 6);1;892
0;0.0;;(16, 8);RemoveObject;(9, 6);1;893
0;0.0;;(16, 8);RemoveObject;(9, 6);1;894
0;0.0;;(16, 8);RemoveObject;(9, 6);1;895
0;0.0;;(16, 8);RemoveObject;(9, 6);1;896
0;0.0;;(16, 8);RemoveObject;(9, 6);1;897
0;0.0;;(16, 8);RemoveObject;(9, 6);1;898
0;0.0;;(16, 8);RemoveObject;(9, 6);1;899
0;0.0;;(16, 8);RemoveObject;(9, 6);1;900
0;0.0;;(16, 8);RemoveObject;(9, 6);1;901
0;0.0;;(16, 8);RemoveObject;(9, 6);1;902
0;0.0;;(16, 8);RemoveObject;(9, 6);1;903
0;0.0;;(16, 8);RemoveObject;(9, 6);1;904
0;0.0;;(16, 8);RemoveObject;(9, 6);1;905
0;0.0;;(16, 8);RemoveObject;(9, 6);1;906
0;0.0;;(16, 8);RemoveObject;(9, 6);1;907
0;0.0;;(16, 8);RemoveObject;(9, 6);1;908
0;0.0;;(16, 8);RemoveObject;(9, 6);1;909
0;0.0;;(16, 8);RemoveObject;(9, 6);1;910
0;0.0;;(16, 8);RemoveObject;(9, 6);1;911
0;0.0;;(16, 8);RemoveObject;(9, 6);1;912
0;0.0;;(16, 8);RemoveObject;(9, 6);1;913
0;0.0;;(16, 8);RemoveObject;(9, 6);1;914
0;0.0;;(16, 8);RemoveObject;(9, 6);1;915
0;0.0;;(16, 8);RemoveObject;(9, 6);1;916
0;0.0;;(16, 8);RemoveObject;(9, 6);1;917
0;0.0;;(16, 8);RemoveObject;(9, 6);1;918
0;0.0;;(16, 8);RemoveObject;(9, 6);1;919
0;0.0;;(16, 8);RemoveObject;(9, 6);1;920
0;0.0;;(16, 8);RemoveObject;(9, 6);1;921
0;0.0;;(16, 8);RemoveObject;(9, 6);1;922
0;0.0;;(16, 8);RemoveObject;(9, 6);1;923
0;0.0;;(16, 8);RemoveObject;(9, 6);1;924
0;0.0;;(16, 8);RemoveObject;(9, 6);1;925
0;0.0;;(16, 8);RemoveObject;(9, 6);1;926
0;0.0;;(16, 8);RemoveObject;(9, 6);1;927
0;0.0;;(16, 8);RemoveObject;(9, 6);1;928
0;0.0;;(16, 8);RemoveObject;(9, 6);1;929
0;0.0;;(16, 8);RemoveObject;(9, 6);1;930
0;0.0;;(16, 8);RemoveObject;(9, 6);1;931
0;0.0;;(16, 8);RemoveObject;(9, 6);1;932
0;0.0;;(16, 8);RemoveObject;(9, 6);1;933
0;0.0;;(16, 8);RemoveObject;(9, 6);1;934
0;0.0;;(16, 8);RemoveObject;(9, 6);1;935
0;0.0;;(16, 8);RemoveObject;(9, 6);1;936
0;0.0;;(16, 8);RemoveObject;(9, 6);1;937
0;0.0;;(16, 8);RemoveObject;(9, 6);1;938
0;0.0;;(16, 8);RemoveObject;(9, 6);1;939
0;0.0;;(16, 8);RemoveObject;(9, 6);1;940
0;0.0;;(16, 8);RemoveObject;(9, 6);1;941
0;0.0;;(16, 8);RemoveObject;(9, 6);1;942
0;0.0;;(16, 8);RemoveObject;(9, 6);1;943
0;0.0;;(16, 8);RemoveObject;(9, 6);1;944
0;0.0;;(16, 8);RemoveObject;(9, 6);1;945
0;0.0;;(16, 8);RemoveObject;(9, 6);1;946
0;0.0;;(16, 8);RemoveObject;(9, 6);1;947
0;0.0;;(16, 8);RemoveObject;(9, 6);1;948
0;0.0;;(16, 8);RemoveObject;(9, 6);1;949
0;0.0;;(16, 8);RemoveObject;(9, 6);1;950
0;0.0;;(16, 8);RemoveObject;(9, 6);1;951
0;0.0;;(16, 8);RemoveObject;(9, 6);1;952
0;0.0;;(16, 8);RemoveObject;(9, 6);1;953
0;0.0;;(16, 8);RemoveObject;(9, 6);1;954
0;0.0;;(16, 8);RemoveObject;(9, 6);1;955
0;0.0;;(16, 8);RemoveObject;(9, 6);1;956
0;0.0;;(16, 8);RemoveObject;(9, 6);1;957
0;0.0;;(16, 8);RemoveObject;(9, 6);1;958
0;0.0;;(16, 8);RemoveObject;(9, 6);1;959
0;0.0;;(16, 8);RemoveObject;(9, 6);1;960
0;0.0;;(16, 8);RemoveObject;(9, 6);1;961
0;0.0;;(16, 8);RemoveObject;(9, 6);1;962
0;0.0;;(16, 8);RemoveObject;(9, 6);1;963
0;0.0;;(16, 8);RemoveObject;(9, 6);1;964
0;0.0;;(16, 8);RemoveObject;(9, 6);1;965
0;0.0;;(16, 8);RemoveObject;(9, 6);1;966
0;0.0;;(16, 8);RemoveObject;(9, 6);1;967
0;0.0;;(16, 8);RemoveObject;(9, 6);1;968
0;0.0;;(16, 8);RemoveObject;(9, 6);1;969
0;0.0;;(16, 8);RemoveObject;(9, 6);1;970
0;0.0;;(16, 8);RemoveObject;(9, 6);1;971
0;0.0;;(16, 8);RemoveObject;(9, 6);1;972
0;0.0;;(16, 8);RemoveObject;(9, 6);1;973
0;0.0;;(16, 8);RemoveObject;(9, 6);1;974
0;0.0;;(16, 8);RemoveObject;(9, 6);1;975
0;0.0;;(16, 8);RemoveObject;(9, 6);1;976
0;0.0;;(16, 8);RemoveObject;(9, 6);1;977
0;0.0;;(16, 8);RemoveObject;(9, 6);1;978
0;0.0;;(16, 8);RemoveObject;(9, 6);1;979
0;0.0;;(16, 8);RemoveObject;(9, 6);1;980
0;0.0;;(16, 8);RemoveObject;(9, 6);1;981
0;0.0;;(16, 8);RemoveObject;(9, 6);1;982
0;0.0;;(16, 8);RemoveObject;(9, 6);1;983
0;0.0;;(16, 8);RemoveObject;(9, 6);1;984
0;0.0;;(16, 8);RemoveObject;(9, 6);1;985
0;0.0;;(16, 8);RemoveObject;(9, 6);1;986
0;0.0;;(16, 8);RemoveObject;(9, 6);1;987
0;0.0;;(16, 8);RemoveObject;(9, 6);1;988
0;0.0;;(16, 8);RemoveObject;(9, 6);1;989
0;0.0;;(16, 8);RemoveObject;(9, 6);1;990
0;0.0;;(16, 8);RemoveObject;(9, 6);1;991
0;0.0;;(16, 8);RemoveObject;(9, 6);1;992
0;0.0;;(16, 8);RemoveObject;(9, 6);1;993
0;0.0;;(16, 8);RemoveObject;(9, 6);1;994
0;0.0;;(16, 8);RemoveObject;(9, 6);1;995
0;0.0;;(16, 8);RemoveObject;(9, 6);1;996
0;0.0;;(16, 8);RemoveObject;(9, 6);1;997
0;0.0;;(16, 8);RemoveObject;(9, 6);1;998
0;0.0;;(16, 8);RemoveObject;(9, 6);1;999
0;0.0;;(16, 8);RemoveObject;(9, 6);1;1000
0;0.0;;(16, 8);RemoveObject;(9, 6);1;1001
0;0.0;;(16, 8);RemoveObject;(9, 6);1;1002
0;0.0;;(16, 8);RemoveObject;(9, 6);1;1003
0;0.0;;(16, 8);RemoveObject;(9, 6);1;1004
0;0.0;;(16, 8);RemoveObject;(9, 6);1;1005
0;0.0;;(16, 8);RemoveObject;(9, 6);1;1006
0;0.0;;(16, 8);RemoveObject;(9, 6);1;1007
0;0.0;;(16, 8);RemoveObject;(9, 6);1;1008
0;0.0;;(16, 8);RemoveObject;(9, 6);1;1009
0;0.0;;(16, 8);RemoveObject;(9, 6);1;1010
0;0.0;;(16, 8);RemoveObject;(9, 6);1;1011
0;0.0;;(16, 8);RemoveObject;(9, 6);1;1012
0;0.0;;(16, 8);RemoveObject;(9, 6);1;1013
0;0.0;;(16, 8);;(9, 6);1;1014
0;0.0;Idle;(16, 8);;(9, 6);1;1015
0;0.0;Idle;(16, 8);;(9, 6);1;1016
0;0.0;Idle;(16, 8);;(9, 6);1;1017
0;0.0;Idle;(16, 8);;(9, 6);1;1018
0;0.0;Idle;(16, 8);;(9, 6);1;1019
0;0.0;Idle;(16, 8);;(9, 6);1;1020
0;0.0;Idle;(16, 8);;(9, 6);1;1021
0;0.0;Idle;(16, 8);;(9, 6);1;1022
0;0.0;Idle;(16, 8);;(9, 6);1;1023
0;0.0;Idle;(16, 8);;(9, 6);1;1024
0;0.0;Idle;(16, 8);;(9, 6);1;1025
0;0.0;Idle;(16, 8);;(9, 6);1;1026
0;0.0;Idle;(16, 8);;(9, 6);1;1027
0;0.0;Idle;(16, 8);;(9, 6);1;1028
0;0.0;Idle;(16, 8);;(9, 6);1;1029
0;0.0;Idle;(16, 8);;(9, 6);1;1030
0;0.0;Idle;(16, 8);;(9, 6);1;1031
0;0.0;Idle;(16, 8);;(9, 6);1;1032
0;0.0;Idle;(16, 8);;(9, 6);1;1033
0;0.0;Idle;(16, 8);;(9, 6);1;1034
0;0.0;Idle;(16, 8);;(9, 6);1;1035
0;0.0;Idle;(16, 8);;(9, 6);1;1036
0;0.0;Idle;(16, 8);;(9, 6);1;1037
0;0.0;Idle;(16, 8);;(9, 6);1;1038
0;0.0;Idle;(16, 8);;(9, 6);1;1039
0;0.0;Idle;(16, 8);;(9, 6);1;1040
0;0.0;Idle;(16, 8);;(9, 6);1;1041
0;0.0;Idle;(16, 8);;(9, 6);1;1042
0;0.0;Idle;(16, 8);;(9, 6);1;1043
0;0.0;Idle;(16, 8);;(9, 6);1;1044
0;0.0;Idle;(16, 8);;(9, 6);1;1045
0;0.0;Idle;(16, 8);;(9, 6);1;1046
0;0.0;Idle;(16, 8);;(9, 6);1;1047
0;0.0;Idle;(16, 8);;(9, 6);1;1048
0;0.0;Idle;(16, 8);;(9, 6);1;1049
0;0.0;Idle;(16, 8);;(9, 6);1;1050
0;0.0;Idle;(16, 8);;(9, 6);1;1051
0;0.0;Idle;(16, 8);;(9, 6);1;1052
0;0.0;Idle;(16, 8);;(9, 6);1;1053
0;0.0;Idle;(16, 8);;(9, 6);1;1054
0;0.0;Idle;(16, 8);;(9, 6);1;1055
0;0.0;Idle;(16, 8);;(9, 6);1;1056
0;0.0;Idle;(16, 8);;(9, 6);1;1057
0;0.0;Idle;(16, 8);;(9, 6);1;1058
0;0.0;Idle;(16, 8);;(9, 6);1;1059
0;0.0;Idle;(16, 8);;(9, 6);1;1060
0;0.0;Idle;(16, 8);;(9, 6);1;1061
0;0.0;Idle;(16, 8);;(9, 6);1;1062
0;0.0;Idle;(16, 8);;(9, 6);1;1063
0;0.0;Idle;(16, 8);;(9, 6);1;1064
0;0.0;Idle;(16, 8);;(9, 6);1;1065
0;0.0;Idle;(16, 8);;(9, 6);1;1066
0;0.0;MoveWest;(16, 8);;(9, 6);1;1067
0;0.0;MoveWest;(16, 8);;(9, 6);1;1068
0;0.0;MoveWest;(16, 8);;(9, 6);1;1069
0;0.0;MoveWest;(16, 8);;(9, 6);1;1070
0;0.0;MoveWest;(16, 8);;(9, 6);1;1071
0;0.0;MoveWest;(16, 8);;(9, 6);1;1072
0;0.0;MoveWest;(16, 8);;(9, 6);1;1073
0;0.0;MoveWest;(16, 8);;(9, 6);1;1074
0;0.0;MoveWest;(15, 8);;(9, 6);1;1075
0;0.0;MoveWest;(15, 8);;(9, 6);1;1076
0;0.0;MoveWest;(15, 8);;(9, 6);1;1077
0;0.0;MoveWest;(15, 8);;(9, 6);1;1078
0;0.0;MoveWest;(15, 8);;(9, 6);1;1079
0;0.0;MoveWest;(15, 8);;(9, 6);1;1080
0;0.0;MoveWest;(15, 8);;(9, 6);1;1081
0;0.0;MoveWest;(15, 8);MoveSouth;(9, 7);1;1082
0;0.0;MoveWest;(15, 8);;(9, 7);1;1083
0;0.0;MoveWest;(14, 8);;(9, 7);1;1084
0;0.0;CarryObject;(14, 8);;(9, 7);1;1085
0;0.0;CarryObject;(14, 8);;(9, 7);1;1086
0;0.0;CarryObject;(14, 8);;(9, 7);1;1087
0;0.0;CarryObject;(14, 8);;(9, 7);1;1088
0;0.0;CarryObject;(14, 8);;(9, 7);1;1089
0;0.0;CarryObject;(14, 8);MoveSouth;(9, 8);1;1090
0;0.0;CarryObject;(14, 8);;(9, 8);1;1091
0;0.0;CarryObject;(14, 8);;(9, 8);1;1092
0;0.0;CarryObject;(14, 8);;(9, 8);1;1093
0;0.0;CarryObject;(14, 8);;(9, 8);1;1094
0;0.0;CarryObject;(14, 8);;(9, 8);1;1095
0;0.0;CarryObject;(14, 8);;(9, 8);1;1096
0;0.0;CarryObject;(14, 8);;(9, 8);1;1097
0;0.0;CarryObject;(14, 8);MoveSouth;(9, 9);1;1098
0;0.0;CarryObject;(14, 8);;(9, 9);1;1099
0;0.0;CarryObject;(14, 8);;(9, 9);1;1100
0;0.0;CarryObject;(14, 8);;(9, 9);1;1101
0;0.0;CarryObject;(14, 8);;(9, 9);1;1102
0;0.0;CarryObject;(14, 8);;(9, 9);1;1103
0;0.0;CarryObject;(14, 8);;(9, 9);1;1104
0;0.0;CarryObject;(14, 8);;(9, 9);1;1105
0;0.0;CarryObject;(14, 8);;(9, 9);1;1106
0;0.0;CarryObject;(14, 8);MoveWest;(8, 9);1;1107
0;0.0;CarryObject;(14, 8);;(8, 9);1;1108
0;0.0;CarryObject;(14, 8);;(8, 9);1;1109
0;0.0;CarryObject;(14, 8);;(8, 9);1;1110
0;0.0;CarryObject;(14, 8);;(8, 9);1;1111
0;0.0;CarryObject;(14, 8);;(8, 9);1;1112
0;0.0;CarryObject;(14, 8);;(8, 9);1;1113
0;0.0;CarryObject;(14, 8);;(8, 9);1;1114
0;0.0;CarryObject;(14, 8);;(8, 9);1;1115
0;0.0;CarryObject;(14, 8);;(8, 9);1;1116
0;0.0;CarryObject;(14, 8);;(8, 9);1;1117
0;0.0;CarryObject;(14, 8);;(8, 9);1;1118
0;0.0;CarryObject;(14, 8);;(8, 9);1;1119
0;0.0;CarryObject;(14, 8);;(8, 9);1;1120
0;0.0;CarryObject;(14, 8);;(8, 9);1;1121
0;0.0;CarryObject;(14, 8);;(8, 9);1;1122
0;0.0;CarryObject;(14, 8);;(8, 9);1;1123
0;0.0;CarryObject;(14, 8);;(8, 9);1;1124
0;0.0;CarryObject;(14, 8);;(8, 9);1;1125
0;0.0;CarryObject;(14, 8);;(8, 9);1;1126
0;0.0;CarryObject;(14, 8);;(8, 9);1;1127
0;0.0;CarryObject;(14, 8);;(8, 9);1;1128
0;0.0;CarryObject;(14, 8);;(8, 9);1;1129
0;0.0;CarryObject;(14, 8);;(8, 9);1;1130
0;0.0;CarryObject;(14, 8);;(8, 9);1;1131
0;0.0;CarryObject;(14, 8);;(8, 9);1;1132
0;0.0;CarryObject;(14, 8);;(8, 9);1;1133
0;0.0;CarryObject;(14, 8);;(8, 9);1;1134
0;0.0;CarryObject;(14, 8);;(8, 9);1;1135
0;0.0;CarryObject;(14, 8);;(8, 9);1;1136
0;0.0;CarryObject;(14, 8);;(8, 9);1;1137
0;0.0;CarryObject;(14, 8);;(8, 9);1;1138
0;0.0;CarryObject;(14, 8);;(8, 9);1;1139
0;0.0;CarryObject;(14, 8);;(8, 9);1;1140
0;0.0;CarryObject;(14, 8);;(8, 9);1;1141
0;0.0;CarryObject;(14, 8);;(8, 9);1;1142
0;0.0;CarryObject;(14, 8);;(8, 9);1;1143
0;0.0;CarryObject;(14, 8);;(8, 9);1;1144
0;0.0;CarryObject;(14, 8);;(8, 9);1;1145
0;0.0;CarryObject;(14, 8);;(8, 9);1;1146
0;0.0;CarryObject;(14, 8);;(8, 9);1;1147
0;0.0;CarryObject;(14, 8);;(8, 9);1;1148
0;0.0;CarryObject;(14, 8);;(8, 9);1;1149
0;0.0;CarryObject;(14, 8);;(8, 9);1;1150
0;0.0;CarryObject;(14, 8);;(8, 9);1;1151
0;0.0;CarryObject;(14, 8);;(8, 9);1;1152
0;0.0;CarryObject;(14, 8);;(8, 9);1;1153
0;0.0;CarryObject;(14, 8);;(8, 9);1;1154
0;0.0;CarryObject;(14, 8);;(8, 9);1;1155
0;0.0;CarryObject;(14, 8);;(8, 9);1;1156
0;0.0;CarryObject;(14, 8);;(8, 9);1;1157
0;0.0;CarryObject;(14, 8);;(8, 9);1;1158
0;0.0;CarryObject;(14, 8);;(8, 9);1;1159
0;0.0;CarryObject;(14, 8);;(8, 9);1;1160
0;0.0;CarryObject;(14, 8);;(8, 9);1;1161
0;0.0;CarryObject;(14, 8);;(8, 9);1;1162
0;0.0;CarryObject;(14, 8);;(8, 9);1;1163
0;0.0;CarryObject;(14, 8);;(8, 9);1;1164
0;0.0;CarryObject;(14, 8);;(8, 9);1;1165
0;0.0;CarryObject;(14, 8);;(8, 9);1;1166
0;0.0;CarryObject;(14, 8);;(8, 9);1;1167
0;0.0;CarryObject;(14, 8);;(8, 9);1;1168
0;0.0;CarryObject;(14, 8);;(8, 9);1;1169
0;0.0;CarryObject;(14, 8);;(8, 9);1;1170
0;0.0;CarryObject;(14, 8);;(8, 9);1;1171
0;0.0;CarryObject;(14, 8);;(8, 9);1;1172
0;0.0;CarryObject;(14, 8);;(8, 9);1;1173
0;0.0;CarryObject;(14, 8);;(8, 9);1;1174
0;0.0;CarryObject;(14, 8);;(8, 9);1;1175
0;0.0;CarryObject;(14, 8);;(8, 9);1;1176
0;0.0;CarryObject;(14, 8);;(8, 9);1;1177
0;0.0;CarryObject;(14, 8);;(8, 9);1;1178
0;0.0;CarryObject;(14, 8);;(8, 9);1;1179
0;0.0;CarryObject;(14, 8);;(8, 9);1;1180
0;0.0;CarryObject;(14, 8);;(8, 9);1;1181
0;0.0;CarryObject;(14, 8);;(8, 9);1;1182
0;0.0;CarryObject;(14, 8);;(8, 9);1;1183
0;0.0;CarryObject;(14, 8);;(8, 9);1;1184
0;0.0;CarryObject;(14, 8);;(8, 9);1;1185
0;0.0;CarryObject;(14, 8);;(8, 9);1;1186
0;0.0;CarryObject;(14, 8);;(8, 9);1;1187
0;0.0;CarryObject;(14, 8);;(8, 9);1;1188
0;0.0;CarryObject;(14, 8);;(8, 9);1;1189
0;0.0;CarryObject;(14, 8);;(8, 9);1;1190
0;0.0;CarryObject;(14, 8);;(8, 9);1;1191
0;0.0;CarryObject;(14, 8);;(8, 9);1;1192
0;0.0;CarryObject;(14, 8);;(8, 9);1;1193
0;0.0;CarryObject;(14, 8);;(8, 9);1;1194
0;0.0;CarryObject;(14, 8);;(8, 9);1;1195
0;0.0;CarryObject;(14, 8);;(8, 9);1;1196
0;0.0;CarryObject;(14, 8);;(8, 9);1;1197
0;0.0;CarryObject;(14, 8);;(8, 9);1;1198
0;0.0;CarryObject;(14, 8);;(8, 9);1;1199
0;0.0;CarryObject;(14, 8);;(8, 9);1;1200
0;0.0;CarryObject;(14, 8);;(8, 9);1;1201
0;0.0;CarryObject;(14, 8);;(8, 9);1;1202
0;0.0;CarryObject;(14, 8);;(8, 9);1;1203
0;0.0;CarryObject;(14, 8);;(8, 9);1;1204
0;0.0;CarryObject;(14, 8);;(8, 9);1;1205
0;0.0;CarryObject;(14, 8);;(8, 9);1;1206
0;0.0;CarryObject;(14, 8);;(8, 9);1;1207
0;0.0;CarryObject;(14, 8);;(8, 9);1;1208
0;0.0;CarryObject;(14, 8);;(8, 9);1;1209
0;0.0;CarryObject;(14, 8);;(8, 9);1;1210
0;0.0;CarryObject;(14, 8);;(8, 9);1;1211
0;0.0;CarryObject;(14, 8);;(8, 9);1;1212
0;0.0;CarryObject;(14, 8);;(8, 9);1;1213
0;0.0;CarryObject;(14, 8);;(8, 9);1;1214
0;0.0;CarryObject;(14, 8);;(8, 9);1;1215
0;0.0;CarryObject;(14, 8);;(8, 9);1;1216
0;0.0;CarryObject;(14, 8);;(8, 9);1;1217
0;0.0;CarryObject;(14, 8);;(8, 9);1;1218
0;0.0;CarryObject;(14, 8);;(8, 9);1;1219
0;0.0;CarryObject;(14, 8);;(8, 9);1;1220
0;0.0;CarryObject;(14, 8);;(8, 9);1;1221
0;0.0;CarryObject;(14, 8);;(8, 9);1;1222
0;0.0;CarryObject;(14, 8);;(8, 9);1;1223
0;0.0;CarryObject;(14, 8);;(8, 9);1;1224
0;0.0;CarryObject;(14, 8);;(8, 9);1;1225
0;0.0;CarryObject;(14, 8);;(8, 9);1;1226
0;0.0;CarryObject;(14, 8);;(8, 9);1;1227
0;0.0;CarryObject;(14, 8);;(8, 9);1;1228
0;0.0;CarryObject;(14, 8);;(8, 9);1;1229
0;0.0;CarryObject;(14, 8);;(8, 9);1;1230
0;0.0;CarryObject;(14, 8);;(8, 9);1;1231
0;0.0;CarryObject;(14, 8);;(8, 9);1;1232
0;0.0;CarryObject;(14, 8);;(8, 9);1;1233
0;0.0;CarryObject;(14, 8);;(8, 9);1;1234
0;0.0;CarryObject;(14, 8);;(8, 9);1;1235
0;0.0;MoveNorthEast;(14, 8);;(8, 9);1;1236
0;0.0;MoveNorthEast;(14, 8);;(8, 9);1;1237
0;0.0;MoveNorthEast;(14, 8);;(8, 9);1;1238
0;0.0;MoveNorthEast;(14, 8);;(8, 9);1;1239
0;0.0;MoveNorthEast;(14, 8);;(8, 9);1;1240
0;0.0;MoveNorthEast;(14, 8);;(8, 9);1;1241
0;0.0;MoveNorthEast;(14, 8);;(8, 9);1;1242
0;0.0;MoveNorthEast;(14, 8);;(8, 9);1;1243
0;0.0;MoveNorthEast;(15, 7);;(8, 9);1;1244
0;0.0;MoveNorthEast;(15, 7);;(8, 9);1;1245
0;0.0;MoveNorthEast;(15, 7);;(8, 9);1;1246
0;0.0;MoveNorthEast;(15, 7);;(8, 9);1;1247
0;0.0;MoveNorthEast;(15, 7);;(8, 9);1;1248
0;0.0;MoveNorthEast;(15, 7);;(8, 9);1;1249
0;0.0;MoveNorthEast;(15, 7);;(8, 9);1;1250
0;0.0;MoveNorthEast;(15, 7);;(8, 9);1;1251
0;0.0;MoveNorthEast;(15, 7);;(8, 9);1;1252
0;0.0;MoveNorthEast;(16, 6);;(8, 9);1;1253
0;0.0;MoveEast;(16, 6);;(8, 9);1;1254
0;0.0;MoveEast;(16, 6);;(8, 9);1;1255
0;0.0;MoveEast;(16, 6);;(8, 9);1;1256
0;0.0;MoveEast;(16, 6);;(8, 9);1;1257
0;0.0;MoveEast;(16, 6);;(8, 9);1;1258
0;0.0;MoveEast;(16, 6);;(8, 9);1;1259
0;0.0;MoveEast;(16, 6);;(8, 9);1;1260
0;0.0;MoveEast;(16, 6);;(8, 9);1;1261
0;0.0;MoveEast;(17, 6);;(8, 9);1;1262
0;0.0;MoveSouthEast;(17, 6);;(8, 9);1;1263
0;0.0;MoveSouthEast;(17, 6);;(8, 9);1;1264
0;0.0;MoveSouthEast;(17, 6);;(8, 9);1;1265
0;0.0;MoveSouthEast;(17, 6);;(8, 9);1;1266
0;0.0;MoveSouthEast;(17, 6);;(8, 9);1;1267
0;0.0;MoveSouthEast;(17, 6);;(8, 9);1;1268
0;0.0;MoveSouthEast;(17, 6);;(8, 9);1;1269
0;0.0;MoveSouthEast;(17, 6);;(8, 9);1;1270
0;0.0;MoveSouthEast;(18, 7);;(8, 9);1;1271
0;0.0;MoveSouthEast;(18, 7);;(8, 9);1;1272
0;0.0;MoveSouthEast;(18, 7);;(8, 9);1;1273
0;0.0;MoveSouthEast;(18, 7);;(8, 9);1;1274
0;0.0;MoveSouthEast;(18, 7);;(8, 9);1;1275
0;0.0;MoveSouthEast;(18, 7);;(8, 9);1;1276
0;0.0;MoveSouthEast;(18, 7);;(8, 9);1;1277
0;0.0;MoveSouthEast;(18, 7);;(8, 9);1;1278
0;0.0;MoveSouthEast;(18, 7);;(8, 9);1;1279
0;0.0;MoveSouthEast;(19, 8);;(8, 9);1;1280
0;0.0;MoveSouthEast;(19, 8);;(8, 9);1;1281
0;0.0;MoveSouthEast;(19, 8);;(8, 9);1;1282
0;0.0;MoveSouthEast;(19, 8);;(8, 9);1;1283
0;0.0;MoveSouthEast;(19, 8);;(8, 9);1;1284
0;0.0;MoveSouthEast;(19, 8);;(8, 9);1;1285
0;0.0;MoveSouthEast;(19, 8);;(8, 9);1;1286
0;0.0;MoveSouthEast;(19, 8);;(8, 9);1;1287
0;0.0;MoveSouthEast;(19, 8);;(8, 9);1;1288
0;0.0;MoveSouthEast;(19, 8);;(8, 9);1;1289
0;0.0;MoveSouthEast;(19, 8);;(8, 9);1;1290
0;0.0;MoveSouthEast;(19, 8);;(8, 9);1;1291
0;0.0;MoveSouthEast;(19, 8);;(8, 9);1;1292
0;0.0;MoveSouthEast;(19, 8);;(8, 9);1;1293
0;0.0;MoveSouthEast;(20, 9);;(8, 9);1;1294
0;0.0;MoveSouthEast;(20, 9);;(8, 9);1;1295
0;0.0;MoveSouthEast;(20, 9);;(8, 9);1;1296
0;0.0;MoveSouthEast;(20, 9);;(8, 9);1;1297
0;0.0;MoveSouthEast;(20, 9);;(8, 9);1;1298
0;0.0;MoveSouthEast;(20, 9);;(8, 9);1;1299
0;0.0;MoveSouthEast;(20, 9);;(8, 9);1;1300
0;0.0;MoveSouthEast;(20, 9);;(8, 9);1;1301
0;0.0;MoveSouthEast;(20, 9);;(8, 9);1;1302
0;0.0;MoveSouthEast;(21, 10);;(8, 9);1;1303
0;0.0;MoveSouthEast;(21, 10);;(8, 9);1;1304
0;0.0;MoveSouthEast;(21, 10);;(8, 9);1;1305
0;0.0;MoveSouthEast;(21, 10);;(8, 9);1;1306
0;0.0;MoveSouthEast;(21, 10);;(8, 9);1;1307
0;0.0;MoveSouthEast;(21, 10);;(8, 9);1;1308
0;0.0;MoveSouthEast;(21, 10);;(8, 9);1;1309
0;0.0;MoveSouthEast;(21, 10);;(8, 9);1;1310
0;0.0;MoveSouthEast;(21, 10);;(8, 9);1;1311
0;0.0;MoveSouthEast;(22, 11);;(8, 9);1;1312
0;0.0;MoveSouth;(22, 11);;(8, 9);1;1313
0;0.0;MoveSouth;(22, 11);;(8, 9);1;1314
0;0.0;MoveSouth;(22, 11);;(8, 9);1;1315
0;0.0;MoveSouth;(22, 11);;(8, 9);1;1316
0;0.0;MoveSouth;(22, 11);;(8, 9);1;1317
0;0.0;MoveSouth;(22, 11);;(8, 9);1;1318
0;0.0;MoveSouth;(22, 11);;(8, 9);1;1319
0;0.0;MoveSouth;(22, 11);;(8, 9);1;1320
0;0.0;MoveSouth;(22, 12);;(8, 9);1;1321
0;0.0;MoveSouth;(22, 12);;(8, 9);1;1322
0;0.0;MoveSouth;(22, 12);;(8, 9);1;1323
0;0.0;MoveSouth;(22, 12);;(8, 9);1;1324
0;0.0;MoveSouth;(22, 12);;(8, 9);1;1325
0;0.0;MoveSouth;(22, 12);;(8, 9);1;1326
0;0.0;MoveSouth;(22, 12);;(8, 9);1;1327
0;0.0;MoveSouth;(22, 12);;(8, 9);1;1328
0;0.0;MoveSouth;(22, 12);;(8, 9);1;1329
0;0.0;MoveSouth;(22, 13);;(8, 9);1;1330
0;0.0;MoveSouthEast;(22, 13);;(8, 9);1;1331
0;0.0;MoveSouthEast;(22, 13);;(8, 9);1;1332
0;0.0;MoveSouthEast;(22, 13);;(8, 9);1;1333
0;0.0;MoveSouthEast;(22, 13);;(8, 9);1;1334
0;0.0;MoveSouthEast;(22, 13);;(8, 9);1;1335
0;0.0;MoveSouthEast;(22, 13);;(8, 9);1;1336
0;0.0;MoveSouthEast;(22, 13);;(8, 9);1;1337
0;0.0;MoveSouthEast;(22, 13);;(8, 9);1;1338
0;0.0;MoveSouthEast;(23, 14);;(8, 9);1;1339
0;0.0;Drop;(23, 14);;(8, 9);1;1340
0;0.0;Drop;(23, 14);;(8, 9);1;1341
0;0.0;Drop;(23, 14);;(8, 9);1;1342
0;0.0;Drop;(23, 14);;(8, 9);1;1343
0;0.0;Drop;(23, 14);;(8, 9);1;1344
0;0.0;Drop;(23, 14);;(8, 9);1;1345
0;0.0;Drop;(23, 14);;(8, 9);1;1346
0;0.0;Drop;(23, 14);;(8, 9);1;1347
3;0.125;Drop;(23, 14);;(8, 9);1;1348
3;0.125;Idle;(23, 14);;(8, 9);1;1349
3;0.125;Idle;(23, 14);;(8, 9);1;1350
3;0.125;Idle;(23, 14);;(8, 9);1;1351
3;0.125;Idle;(23, 14);;(8, 9);1;1352
3;0.125;Idle;(23, 14);;(8, 9);1;1353
3;0.125;Idle;(23, 14);;(8, 9);1;1354
3;0.125;Idle;(23, 14);MoveEast;(9, 9);1;1355
3;0.125;Idle;(23, 14);;(9, 9);1;1356
3;0.125;Idle;(23, 14);;(9, 9);1;1357
3;0.125;Idle;(23, 14);;(9, 9);1;1358
3;0.125;Idle;(23, 14);;(9, 9);1;1359
3;0.125;Idle;(23, 14);;(9, 9);1;1360
3;0.125;Idle;(23, 14);;(9, 9);1;1361
3;0.125;Idle;(23, 14);;(9, 9);1;1362
3;0.125;Idle;(23, 14);;(9, 9);1;1363
3;0.125;Idle;(23, 14);MoveNorth;(9, 8);1;1364
3;0.125;Idle;(23, 14);;(9, 8);1;1365
3;0.125;Idle;(23, 14);;(9, 8);1;1366
3;0.125;Idle;(23, 14);;(9, 8);1;1367
3;0.125;Idle;(23, 14);;(9, 8);1;1368
3;0.125;Idle;(23, 14);;(9, 8);1;1369
3;0.125;Idle;(23, 14);;(9, 8);1;1370
3;0.125;Idle;(23, 14);MoveNorth;(9, 7);1;1371
3;0.125;Idle;(23, 14);;(9, 7);1;1372
3;0.125;Idle;(23, 14);;(9, 7);1;1373
3;0.125;Idle;(23, 14);;(9, 7);1;1374
3;0.125;MoveNorthWest;(23, 14);;(9, 7);1;1375
3;0.125;MoveNorthWest;(23, 14);;(9, 7);1;1376
3;0.125;MoveNorthWest;(23, 14);MoveNorth;(9, 6);1;1377
3;0.125;MoveNorthWest;(23, 14);;(9, 6);1;1378
3;0.125;MoveNorthWest;(23, 14);;(9, 6);1;1379
3;0.125;MoveNorthWest;(23, 14);;(9, 6);1;1380
3;0.125;MoveNorthWest;(23, 14);;(9, 6);1;1381
3;0.125;MoveNorthWest;(23, 14);;(9, 6);1;1382
3;0.125;MoveNorthWest;(22, 13);;(9, 6);1;1383
3;0.125;MoveNorthWest;(22, 13);;(9, 6);1;1384
3;0.125;MoveNorthWest;(22, 13);;(9, 6);1;1385
3;0.125;MoveNorthWest;(22, 13);;(9, 6);1;1386
3;0.125;MoveNorthWest;(22, 13);MoveSouth;(9, 7);1;1387
3;0.125;MoveNorthWest;(22, 13);;(9, 7);1;1388
3;0.125;MoveNorthWest;(22, 13);;(9, 7);1;1389
3;0.125;MoveNorthWest;(22, 13);;(9, 7);1;1390
3;0.125;MoveNorthWest;(22, 13);;(9, 7);1;1391
3;0.125;MoveNorthWest;(21, 12);;(9, 7);1;1392
3;0.125;MoveNorthWest;(21, 12);;(9, 7);1;1393
3;0.125;MoveNorthWest;(21, 12);;(9, 7);1;1394
3;0.125;MoveNorthWest;(21, 12);MoveSouth;(9, 8);1;1395
3;0.125;MoveNorthWest;(21, 12);;(9, 8);1;1396
3;0.125;MoveNorthWest;(21, 12);;(9, 8);1;1397
3;0.125;MoveNorthWest;(21, 12);;(9, 8);1;1398
3;0.125;MoveNorthWest;(21, 12);;(9, 8);1;1399
3;0.125;MoveNorthWest;(21, 12);;(9, 8);1;1400
3;0.125;MoveNorthWest;(20, 11);;(9, 8);1;1401
3;0.125;MoveNorthWest;(20, 11);;(9, 8);1;1402
3;0.125;MoveNorthWest;(20, 11);;(9, 8);1;1403
3;0.125;MoveNorthWest;(20, 11);;(9, 8);1;1404
3;0.125;MoveNorthWest;(20, 11);;(9, 8);1;1405
3;0.125;MoveNorthWest;(20, 11);;(9, 8);1;1406
3;0.125;MoveNorthWest;(20, 11);;(9, 8);1;1407
3;0.125;MoveNorthWest;(20, 11);;(9, 8);1;1408
3;0.125;MoveNorthWest;(20, 11);;(9, 8);1;1409
3;0.125;MoveNorthWest;(19, 10);;(9, 8);1;1410
3;0.125;MoveNorthWest;(19, 10);;(9, 8);1;1411
3;0.125;MoveNorthWest;(19, 10);;(9, 8);1;1412
3;0.125;MoveNorthWest;(19, 10);;(9, 8);1;1413
3;0.125;MoveNorthWest;(19, 10);;(9, 8);1;1414
3;0.125;MoveNorthWest;(19, 10);;(9, 8);1;1415
3;0.125;MoveNorthWest;(19, 10);;(9, 8);1;1416
3;0.125;MoveNorthWest;(19, 10);;(9, 8);1;1417
3;0.125;MoveNorthWest;(19, 10);;(9, 8);1;1418
3;0.125;MoveNorthWest;(18, 9);;(9, 8);1;1419
3;0.125;MoveNorth;(18, 9);MoveSouth;(9, 9);1;1420
3;0.125;MoveNorth;(18, 9);;(9, 9);1;1421
3;0.125;MoveNorth;(18, 9);;(9, 9);1;1422
3;0.125;MoveNorth;(18, 9);;(9, 9);1;1423
3;0.125;MoveNorth;(18, 9);;(9, 9);1;1424
3;0.125;MoveNorth;(18, 9);;(9, 9);1;1425
3;0.125;MoveNorth;(18, 9);;(9, 9);1;1426
3;0.125;MoveNorth;(18, 9);;(9, 9);1;1427
3;0.125;MoveNorth;(18, 9);MoveWest;(8, 9);1;1428
3;0.125;MoveNorth;(18, 9);;(8, 9);1;1429
3;0.125;MoveNorth;(18, 9);;(8, 9);1;1430
3;0.125;MoveNorth;(18, 9);;(8, 9);1;1431
3;0.125;MoveNorth;(18, 9);;(8, 9);1;1432
3;0.125;MoveNorth;(18, 8);;(8, 9);1;1433
3;0.125;MoveNorth;(18, 8);;(8, 9);1;1434
3;0.125;MoveNorth;(18, 8);;(8, 9);1;1435
3;0.125;MoveNorth;(18, 8);;(8, 9);1;1436
3;0.125;MoveNorth;(18, 8);;(8, 9);1;1437
3;0.125;MoveNorth;(18, 8);;(8, 9);1;1438
3;0.125;MoveNorth;(18, 8);;(8, 9);1;1439
3;0.125;MoveNorth;(18, 8);;(8, 9);1;1440
3;0.125;MoveNorth;(18, 8);;(8, 9);1;1441
3;0.125;MoveNorth;(18, 7);;(8, 9);1;1442
3;0.125;MoveNorthWest;(18, 7);;(8, 9);1;1443
3;0.125;MoveNorthWest;(18, 7);;(8, 9);1;1444
3;0.125;MoveNorthWest;(18, 7);;(8, 9);1;1445
3;0.125;MoveNorthWest;(18, 7);;(8, 9);1;1446
3;0.125;MoveNorthWest;(18, 7);;(8, 9);1;1447
3;0.125;MoveNorthWest;(18, 7);;(8, 9);1;1448
3;0.125;MoveNorthWest;(18, 7);;(8, 9);1;1449
3;0.125;MoveNorthWest;(18, 7);;(8, 9);1;1450
3;0.125;MoveNorthWest;(17, 6);;(8, 9);1;1451
3;0.125;MoveWest;(17, 6);;(8, 9);1;1452
3;0.125;MoveWest;(17, 6);;(8, 9);1;1453
3;0.125;MoveWest;(17, 6);;(8, 9);1;1454
3;0.125;MoveWest;(17, 6);;(8, 9);1;1455
3;0.125;MoveWest;(17, 6);;(8, 9);1;1456
3;0.125;MoveWest;(17, 6);;(8, 9);1;1457
3;0.125;MoveWest;(17, 6);;(8, 9);1;1458
3;0.125;MoveWest;(17, 6);;(8, 9);1;1459
3;0.125;MoveWest;(16, 6);;(8, 9);1;1460
3;0.125;MoveWest;(16, 6);;(8, 9);1;1461
3;0.125;MoveWest;(16, 6);;(8, 9);1;1462
3;0.125;MoveWest;(16, 6);;(8, 9);1;1463
3;0.125;MoveWest;(16, 6);;(8, 9);1;1464
3;0.125;MoveWest;(16, 6);;(8, 9);1;1465
3;0.125;MoveWest;(16, 6);;(8, 9);1;1466
3;0.125;MoveWest;(16, 6);;(8, 9);1;1467
3;0.125;MoveWest;(16, 6);;(8, 9);1;1468
3;0.125;MoveWest;(15, 6);;(8, 9);1;1469
3;0.125;MoveWest;(15, 6);;(8, 9);1;1470
3;0.125;MoveWest;(15, 6);;(8, 9);1;1471
3;0.125;MoveWest;(15, 6);;(8, 9);1;1472
3;0.125;MoveWest;(15, 6);;(8, 9);1;1473
3;0.125;MoveWest;(15, 6);;(8, 9);1;1474
3;0.125;MoveWest;(15, 6);;(8, 9);1;1475
3;0.125;MoveWest;(15, 6);;(8, 9);1;1476
3;0.125;MoveWest;(15, 6);;(8, 9);1;1477
3;0.125;MoveWest;(14, 6);;(8, 9);1;1478
3;0.125;MoveWest;(14, 6);;(8, 9);1;1479
3;0.125;MoveWest;(14, 6);;(8, 9);1;1480
3;0.125;MoveWest;(14, 6);;(8, 9);1;1481
3;0.125;MoveWest;(14, 6);;(8, 9);1;1482
3;0.125;MoveWest;(14, 6);;(8, 9);1;1483
3;0.125;MoveWest;(14, 6);;(8, 9);1;1484
3;0.125;MoveWest;(14, 6);;(8, 9);1;1485
3;0.125;MoveWest;(14, 6);;(8, 9);1;1486
3;0.125;MoveWest;(13, 6);;(8, 9);1;1487
3;0.125;MoveWest;(13, 6);;(8, 9);1;1488
3;0.125;MoveWest;(13, 6);;(8, 9);1;1489
3;0.125;MoveWest;(13, 6);;(8, 9);1;1490
3;0.125;MoveWest;(13, 6);;(8, 9);1;1491
3;0.125;MoveWest;(13, 6);;(8, 9);1;1492
3;0.125;MoveWest;(13, 6);;(8, 9);1;1493
3;0.125;MoveWest;(13, 6);;(8, 9);1;1494
3;0.125;MoveWest;(13, 6);;(8, 9);1;1495
3;0.125;MoveWest;(12, 6);;(8, 9);1;1496
3;0.125;MoveWest;(12, 6);;(8, 9);1;1497
3;0.125;MoveWest;(12, 6);;(8, 9);1;1498
3;0.125;MoveWest;(12, 6);;(8, 9);1;1499
3;0.125;MoveWest;(12, 6);;(8, 9);1;1500
3;0.125;MoveWest;(12, 6);;(8, 9);1;1501
3;0.125;MoveWest;(12, 6);;(8, 9);1;1502
3;0.125;MoveWest;(12, 6);;(8, 9);1;1503
3;0.125;MoveWest;(12, 6);;(8, 9);1;1504
3;0.125;MoveWest;(12, 6);;(8, 9);1;1505
3;0.125;MoveWest;(12, 6);;(8, 9);1;1506
3;0.125;MoveWest;(12, 6);;(8, 9);1;1507
3;0.125;MoveWest;(12, 6);;(8, 9);1;1508
3;0.125;MoveWest;(12, 6);;(8, 9);1;1509
3;0.125;MoveWest;(11, 6);;(8, 9);1;1510
3;0.125;MoveWest;(11, 6);;(8, 9);1;1511
3;0.125;MoveWest;(11, 6);;(8, 9);1;1512
3;0.125;MoveWest;(11, 6);;(8, 9);1;1513
3;0.125;MoveWest;(11, 6);;(8, 9);1;1514
3;0.125;MoveWest;(11, 6);;(8, 9);1;1515
3;0.125;MoveWest;(11, 6);;(8, 9);1;1516
3;0.125;MoveWest;(11, 6);;(8, 9);1;1517
3;0.125;MoveWest;(11, 6);;(8, 9);1;1518
3;0.125;MoveWest;(11, 6);;(8, 9);1;1519
3;0.125;MoveWest;(11, 6);;(8, 9);1;1520
3;0.125;MoveWest;(11, 6);;(8, 9);1;1521
3;0.125;MoveWest;(11, 6);;(8, 9);1;1522
3;0.125;MoveWest;(11, 6);;(8, 9);1;1523
3;0.125;MoveWest;(10, 6);;(8, 9);1;1524
3;0.125;MoveWest;(10, 6);;(8, 9);1;1525
3;0.125;MoveWest;(10, 6);;(8, 9);1;1526
3;0.125;MoveWest;(10, 6);;(8, 9);1;1527
3;0.125;MoveWest;(10, 6);;(8, 9);1;1528
3;0.125;MoveWest;(10, 6);;(8, 9);1;1529
3;0.125;MoveWest;(10, 6);;(8, 9);1;1530
3;0.125;MoveWest;(10, 6);;(8, 9);1;1531
3;0.125;MoveWest;(10, 6);;(8, 9);1;1532
3;0.125;MoveWest;(10, 6);;(8, 9);1;1533
3;0.125;MoveWest;(10, 6);;(8, 9);1;1534
3;0.125;MoveWest;(10, 6);;(8, 9);1;1535
3;0.125;MoveWest;(10, 6);;(8, 9);1;1536
3;0.125;MoveWest;(10, 6);;(8, 9);1;1537
3;0.125;MoveWest;(9, 6);;(8, 9);1;1538
3;0.125;MoveSouth;(9, 6);;(8, 9);1;1539
3;0.125;MoveSouth;(9, 6);;(8, 9);1;1540
3;0.125;MoveSouth;(9, 6);;(8, 9);1;1541
3;0.125;MoveSouth;(9, 6);;(8, 9);1;1542
3;0.125;MoveSouth;(9, 6);;(8, 9);1;1543
3;0.125;MoveSouth;(9, 6);;(8, 9);1;1544
3;0.125;MoveSouth;(9, 6);;(8, 9);1;1545
3;0.125;MoveSouth;(9, 6);;(8, 9);1;1546
3;0.125;MoveSouth;(9, 7);;(8, 9);1;1547
3;0.125;MoveSouthWest;(9, 7);;(8, 9);1;1548
3;0.125;MoveSouthWest;(9, 7);;(8, 9);1;1549
3;0.125;MoveSouthWest;(9, 7);;(8, 9);1;1550
3;0.125;MoveSouthWest;(9, 7);;(8, 9);1;1551
3;0.125;MoveSouthWest;(9, 7);;(8, 9);1;1552
3;0.125;MoveSouthWest;(9, 7);;(8, 9);1;1553
3;0.125;MoveSouthWest;(9, 7);;(8, 9);1;1554
3;0.125;MoveSouthWest;(9, 7);;(8, 9);1;1555
3;0.125;MoveSouthWest;(8, 8);;(8, 9);1;1556
3;0.125;MoveSouthEast;(8, 8);;(8, 9);1;1557
3;0.125;MoveSouthEast;(8, 8);;(8, 9);1;1558
3;0.125;MoveSouthEast;(8, 8);;(8, 9);1;1559
3;0.125;MoveSouthEast;(8, 8);;(8, 9);1;1560
3;0.125;MoveSouthEast;(8, 8);;(8, 9);1;1561
3;0.125;MoveSouthEast;(8, 8);;(8, 9);1;1562
3;0.125;MoveSouthEast;(8, 8);;(8, 9);1;1563
3;0.125;MoveSouthEast;(8, 8);;(8, 9);1;1564
3;0.125;MoveSouthEast;(9, 9);;(8, 9);1;1565
3;0.125;Idle;(9, 9);;(8, 9);1;1566
3;0.125;Idle;(9, 9);;(8, 9);1;1567
3;0.125;Idle;(9, 9);;(8, 9);1;1568
3;0.125;Idle;(9, 9);;(8, 9);1;1569
3;0.125;Idle;(9, 9);;(8, 9);1;1570
3;0.125;Idle;(9, 9);;(8, 9);1;1571
3;0.125;Idle;(9, 9);;(8, 9);1;1572
3;0.125;Idle;(9, 9);;(8, 9);1;1573
3;0.125;Idle;(9, 9);;(8, 9);1;1574
3;0.125;Idle;(9, 9);;(8, 9);1;1575
3;0.125;Idle;(9, 9);;(8, 9);1;1576
3;0.125;Idle;(9, 9);;(8, 9);1;1577
3;0.125;Idle;(9, 9);;(8, 9);1;1578
3;0.125;Idle;(9, 9);;(8, 9);1;1579
3;0.125;Idle;(9, 9);;(8, 9);1;1580
3;0.125;Idle;(9, 9);;(8, 9);1;1581
3;0.125;Idle;(9, 9);;(8, 9);1;1582
3;0.125;Idle;(9, 9);;(8, 9);1;1583
3;0.125;Idle;(9, 9);;(8, 9);1;1584
3;0.125;Idle;(9, 9);;(8, 9);1;1585
3;0.125;Idle;(9, 9);;(8, 9);1;1586
3;0.125;Idle;(9, 9);;(8, 9);1;1587
3;0.125;Idle;(9, 9);;(8, 9);1;1588
3;0.125;Idle;(9, 9);;(8, 9);1;1589
3;0.125;Idle;(9, 9);;(8, 9);1;1590
3;0.125;Idle;(9, 9);;(8, 9);1;1591
3;0.125;MoveWest;(9, 9);;(8, 9);1;1592
3;0.125;MoveWest;(9, 9);;(8, 9);1;1593
3;0.125;MoveWest;(9, 9);;(8, 9);1;1594
3;0.125;MoveWest;(9, 9);;(8, 9);1;1595
3;0.125;MoveWest;(9, 9);;(8, 9);1;1596
3;0.125;MoveWest;(9, 9);;(8, 9);1;1597
3;0.125;MoveWest;(9, 9);;(8, 9);1;1598
3;0.125;MoveWest;(9, 9);;(8, 9);1;1599
3;0.125;MoveWest;(8, 9);;(8, 9);1;1600
3;0.125;;(8, 9);;(8, 9);1;1601
3;0.125;;(8, 9);;(8, 9);1;1602
3;0.125;;(8, 9);;(8, 9);1;1603
3;0.125;;(8, 9);;(8, 9);1;1604
3;0.125;;(8, 9);;(8, 9);1;1605
3;0.125;;(8, 9);;(8, 9);1;1606
3;0.125;;(8, 9);;(8, 9);1;1607
3;0.125;;(8, 9);;(8, 9);1;1608
3;0.125;;(8, 9);;(8, 9);1;1609
3;0.125;;(8, 9);;(8, 9);1;1610
3;0.125;;(8, 9);;(8, 9);1;1611
3;0.125;;(8, 9);;(8, 9);1;1612
3;0.125;;(8, 9);;(8, 9);1;1613
3;0.125;;(8, 9);;(8, 9);1;1614
3;0.125;;(8, 9);;(8, 9);1;1615
3;0.125;;(8, 9);;(8, 9);1;1616
3;0.125;;(8, 9);;(8, 9);1;1617
3;0.125;;(8, 9);;(8, 9);1;1618
3;0.125;;(8, 9);;(8, 9);1;1619
3;0.125;;(8, 9);;(8, 9);1;1620
3;0.125;;(8, 9);;(8, 9);1;1621
3;0.125;;(8, 9);;(8, 9);1;1622
3;0.125;;(8, 9);;(8, 9);1;1623
3;0.125;;(8, 9);;(8, 9);1;1624
3;0.125;;(8, 9);;(8, 9);1;1625
3;0.125;;(8, 9);;(8, 9);1;1626
3;0.125;;(8, 9);;(8, 9);1;1627
3;0.125;;(8, 9);;(8, 9);1;1628
3;0.125;;(8, 9);;(8, 9);1;1629
3;0.125;;(8, 9);;(8, 9);1;1630
3;0.125;;(8, 9);;(8, 9);1;1631
3;0.125;;(8, 9);;(8, 9);1;1632
3;0.125;;(8, 9);CarryObjectTogether;(8, 9);1;1633
3;0.125;;(8, 9);;(8, 9);1;1634
3;0.125;;(8, 9);;(8, 9);1;1635
3;0.125;;(8, 9);;(8, 9);1;1636
3;0.125;;(8, 9);;(8, 9);1;1637
3;0.125;;(8, 9);;(8, 9);1;1638
3;0.125;;(8, 9);;(8, 9);1;1639
3;0.125;;(8, 9);;(8, 9);1;1640
3;0.125;;(8, 9);;(8, 9);1;1641
3;0.125;;(8, 9);;(8, 9);1;1642
3;0.125;;(8, 9);;(8, 9);1;1643
3;0.125;;(8, 9);;(8, 9);1;1644
3;0.125;;(8, 9);;(8, 9);1;1645
3;0.125;;(8, 9);;(8, 9);1;1646
3;0.125;;(8, 9);;(8, 9);1;1647
3;0.125;;(8, 9);;(8, 9);1;1648
3;0.125;;(8, 9);;(8, 9);1;1649
3;0.125;;(8, 9);MoveEast;(9, 9);1;1650
3;0.125;;(8, 9);;(9, 9);1;1651
3;0.125;;(8, 9);;(9, 9);1;1652
3;0.125;;(8, 9);;(9, 9);1;1653
3;0.125;;(8, 9);;(9, 9);1;1654
3;0.125;;(8, 9);;(9, 9);1;1655
3;0.125;;(8, 9);;(9, 9);1;1656
3;0.125;;(8, 9);;(9, 9);1;1657
3;0.125;;(8, 9);;(9, 9);1;1658
3;0.125;;(8, 9);;(9, 9);1;1659
3;0.125;;(8, 9);;(9, 9);1;1660
3;0.125;;(8, 9);;(9, 9);1;1661
3;0.125;;(8, 9);MoveNorth;(9, 8);1;1662
3;0.125;;(8, 9);;(9, 8);1;1663
3;0.125;;(8, 9);;(9, 8);1;1664
3;0.125;;(8, 9);;(9, 8);1;1665
3;0.125;;(8, 9);;(9, 8);1;1666
3;0.125;;(8, 9);;(9, 8);1;1667
3;0.125;;(8, 9);;(9, 8);1;1668
3;0.125;;(8, 9);MoveNorth;(9, 7);1;1669
3;0.125;;(8, 9);;(9, 7);1;1670
3;0.125;;(8, 9);;(9, 7);1;1671
3;0.125;;(8, 9);;(9, 7);1;1672
3;0.125;;(8, 9);;(9, 7);1;1673
3;0.125;;(8, 9);;(9, 7);1;1674
3;0.125;;(8, 9);;(9, 7);1;1675
3;0.125;;(8, 9);MoveNorth;(9, 6);1;1676
3;0.125;;(8, 9);;(9, 6);1;1677
3;0.125;;(8, 9);;(9, 6);1;1678
3;0.125;;(8, 9);;(9, 6);1;1679
3;0.125;;(8, 9);;(9, 6);1;1680
3;0.125;;(8, 9);;(9, 6);1;1681
3;0.125;;(8, 9);;(9, 6);1;1682
3;0.125;;(8, 9);;(9, 6);1;1683
3;0.125;;(8, 9);;(9, 6);1;1684
3;0.125;;(8, 9);;(9, 6);1;1685
3;0.125;;(8, 9);;(9, 6);1;1686
3;0.125;;(8, 9);;(9, 6);1;1687
3;0.125;;(8, 9);MoveEast;(10, 6);1;1688
3;0.125;;(8, 9);;(10, 6);1;1689
3;0.125;;(8, 9);;(10, 6);1;1690
3;0.125;;(8, 9);MoveEast;(10, 6);1;1691
3;0.125;;(8, 9);MoveEast;(10, 6);1;1692
3;0.125;;(8, 9);MoveEast;(10, 6);1;1693
3;0.125;;(8, 9);MoveEast;(10, 6);1;1694
3;0.125;;(8, 9);MoveEast;(10, 6);1;1695
3;0.125;;(8, 9);MoveEast;(11, 6);1;1696
3;0.125;;(8, 9);MoveEast;(11, 6);1;1697
3;0.125;;(8, 9);MoveEast;(11, 6);1;1698
3;0.125;;(8, 9);MoveEast;(11, 6);1;1699
3;0.125;;(8, 9);MoveEast;(11, 6);1;1700
3;0.125;;(8, 9);MoveEast;(11, 6);1;1701
3;0.125;;(8, 9);MoveEast;(12, 6);1;1702
3;0.125;;(8, 9);MoveEast;(12, 6);1;1703
3;0.125;;(8, 9);MoveEast;(12, 6);1;1704
3;0.125;;(8, 9);MoveEast;(12, 6);1;1705
3;0.125;;(8, 9);MoveEast;(12, 6);1;1706
3;0.125;;(8, 9);MoveEast;(12, 6);1;1707
3;0.125;;(8, 9);MoveEast;(13, 6);1;1708
3;0.125;;(8, 9);MoveEast;(14, 6);1;1709
3;0.125;;(8, 9);MoveEast;(15, 6);1;1710
3;0.125;;(8, 9);;(15, 6);1;1711
3;0.125;;(8, 9);MoveEast;(16, 6);1;1712
3;0.125;;(8, 9);;(16, 6);1;1713
3;0.125;;(8, 9);MoveEast;(17, 6);1;1714
3;0.125;;(8, 9);MoveEast;(18, 6);1;1715
3;0.125;;(8, 9);;(18, 6);1;1716
3;0.125;;(8, 9);MoveEast;(19, 6);1;1717
3;0.125;;(8, 9);;(19, 6);1;1718
3;0.125;;(8, 9);;(19, 6);1;1719
3;0.125;;(8, 9);;(19, 6);1;1720
3;0.125;;(8, 9);;(19, 6);1;1721
3;0.125;;(8, 9);MoveEast;(19, 6);1;1722
3;0.125;;(8, 9);MoveEast;(19, 6);1;1723
3;0.125;;(8, 9);MoveEast;(19, 6);1;1724
3;0.125;;(8, 9);MoveEast;(19, 6);1;1725
3;0.125;;(8, 9);MoveEast;(19, 6);1;1726
3;0.125;;(8, 9);MoveEast;(20, 6);1;1727
3;0.125;;(8, 9);;(20, 6);1;1728
3;0.125;;(8, 9);;(20, 6);1;1729
3;0.125;;(8, 9);;(20, 6);1;1730
3;0.125;;(8, 9);MoveEast;(21, 6);1;1731
3;0.125;;(8, 9);;(21, 6);1;1732
3;0.125;;(8, 9);;(21, 6);1;1733
3;0.125;;(8, 9);;(21, 6);1;1734
3;0.125;;(8, 9);;(21, 6);1;1735
3;0.125;;(8, 9);;(21, 6);1;1736
3;0.125;;(8, 9);;(21, 6);1;1737
3;0.125;;(8, 9);MoveEast;(22, 6);1;1738
3;0.125;;(8, 9);;(22, 6);1;1739
3;0.125;;(8, 9);;(22, 6);1;1740
3;0.125;;(8, 9);;(22, 6);1;1741
3;0.125;;(8, 9);;(22, 6);1;1742
3;0.125;;(8, 9);;(22, 6);1;1743
3;0.125;;(8, 9);;(22, 6);1;1744
3;0.125;;(8, 9);;(22, 6);1;1745
3;0.125;;(8, 9);;(22, 6);1;1746
3;0.125;;(8, 9);;(22, 6);1;1747
3;0.125;;(8, 9);;(22, 6);1;1748
3;0.125;;(8, 9);;(22, 6);1;1749
3;0.125;;(8, 9);;(22, 6);1;1750
3;0.125;;(8, 9);;(22, 6);1;1751
3;0.125;;(8, 9);;(22, 6);1;1752
3;0.125;;(8, 9);;(22, 6);1;1753
3;0.125;;(8, 9);MoveEast;(23, 6);1;1754
3;0.125;;(8, 9);;(23, 6);1;1755
3;0.125;;(8, 9);;(23, 6);1;1756
3;0.125;;(8, 9);;(23, 6);1;1757
3;0.125;;(8, 9);;(23, 6);1;1758
3;0.125;;(8, 9);;(23, 6);1;1759
3;0.125;;(8, 9);MoveSouth;(23, 7);1;1760
3;0.125;;(8, 9);;(23, 7);1;1761
3;0.125;;(8, 9);;(23, 7);1;1762
3;0.125;;(8, 9);;(23, 7);1;1763
3;0.125;;(8, 9);;(23, 7);1;1764
3;0.125;;(8, 9);MoveSouth;(23, 8);1;1765
3;0.125;;(8, 9);;(23, 8);1;1766
3;0.125;;(8, 9);;(23, 8);1;1767
3;0.125;;(8, 9);;(23, 8);1;1768
3;0.125;;(8, 9);;(23, 8);1;1769
3;0.125;;(8, 9);;(23, 8);1;1770
3;0.125;;(8, 9);;(23, 8);1;1771
3;0.125;;(8, 9);;(23, 8);1;1772
3;0.125;;(8, 9);MoveSouth;(23, 9);1;1773
3;0.125;;(8, 9);;(23, 9);1;1774
3;0.125;;(8, 9);;(23, 9);1;1775
3;0.125;;(8, 9);;(23, 9);1;1776
3;0.125;;(8, 9);;(23, 9);1;1777
3;0.125;;(8, 9);;(23, 9);1;1778
3;0.125;;(8, 9);;(23, 9);1;1779
3;0.125;;(8, 9);;(23, 9);1;1780
3;0.125;;(8, 9);;(23, 9);1;1781
3;0.125;;(8, 9);MoveSouth;(23, 10);1;1782
3;0.125;;(8, 9);;(23, 10);1;1783
3;0.125;;(8, 9);;(23, 10);1;1784
3;0.125;;(8, 9);;(23, 10);1;1785
3;0.125;;(8, 9);;(23, 10);1;1786
3;0.125;;(8, 9);;(23, 10);1;1787
3;0.125;;(8, 9);;(23, 10);1;1788
3;0.125;;(8, 9);;(23, 10);1;1789
3;0.125;;(8, 9);;(23, 10);1;1790
3;0.125;;(8, 9);MoveSouth;(23, 11);1;1791
3;0.125;;(8, 9);;(23, 11);1;1792
3;0.125;;(8, 9);;(23, 11);1;1793
3;0.125;;(8, 9);;(23, 11);1;1794
3;0.125;;(8, 9);;(23, 11);1;1795
3;0.125;;(8, 9);;(23, 11);1;1796
3;0.125;;(8, 9);;(23, 11);1;1797
3;0.125;;(8, 9);;(23, 11);1;1798
3;0.125;;(8, 9);;(23, 11);1;1799
3;0.125;;(8, 9);;(23, 11);1;1800
3;0.125;;(8, 9);;(23, 11);1;1801
3;0.125;;(8, 9);;(23, 11);1;1802
3;0.125;;(8, 9);;(23, 11);1;1803
3;0.125;;(8, 9);;(23, 11);1;1804
3;0.125;;(8, 9);;(23, 11);1;1805
3;0.125;;(8, 9);;(23, 11);1;1806
3;0.125;;(8, 9);;(23, 11);1;1807
3;0.125;;(8, 9);;(23, 11);1;1808
3;0.125;;(8, 9);;(23, 11);1;1809
3;0.125;;(8, 9);;(23, 11);1;1810
3;0.125;;(8, 9);;(23, 11);1;1811
3;0.125;;(8, 9);;(23, 11);1;1812
3;0.125;;(8, 9);;(23, 11);1;1813
3;0.125;;(8, 9);;(23, 11);1;1814
3;0.125;;(8, 9);;(23, 11);1;1815
3;0.125;;(8, 9);;(23, 11);1;1816
3;0.125;;(8, 9);;(23, 11);1;1817
3;0.125;;(8, 9);;(23, 11);1;1818
3;0.125;;(8, 9);;(23, 11);1;1819
3;0.125;;(8, 9);;(23, 11);1;1820
3;0.125;;(8, 9);;(23, 11);1;1821
3;0.125;;(8, 9);;(23, 11);1;1822
3;0.125;;(8, 9);;(23, 11);1;1823
3;0.125;;(8, 9);;(23, 11);1;1824
3;0.125;;(8, 9);;(23, 11);1;1825
3;0.125;;(8, 9);;(23, 11);1;1826
3;0.125;;(8, 9);;(23, 11);1;1827
3;0.125;;(8, 9);;(23, 11);1;1828
3;0.125;;(8, 9);;(23, 11);1;1829
3;0.125;;(8, 9);;(23, 11);1;1830
3;0.125;;(8, 9);;(23, 11);1;1831
3;0.125;;(8, 9);;(23, 11);1;1832
3;0.125;;(8, 9);;(23, 11);1;1833
3;0.125;;(8, 9);;(23, 11);1;1834
3;0.125;;(8, 9);;(23, 11);1;1835
3;0.125;;(8, 9);;(23, 11);1;1836
3;0.125;;(8, 9);;(23, 11);1;1837
3;0.125;;(8, 9);;(23, 11);1;1838
3;0.125;;(8, 9);;(23, 11);1;1839
3;0.125;;(8, 9);;(23, 11);1;1840
3;0.125;;(8, 9);;(23, 11);1;1841
3;0.125;;(8, 9);;(23, 11);1;1842
3;0.125;;(8, 9);;(23, 11);1;1843
9;0.25;;(23, 11);DropObjectTogether;(23, 11);1;1844
9;0.25;MoveWest;(23, 11);;(23, 11);1;1845
9;0.25;MoveWest;(23, 11);;(23, 11);1;1846
9;0.25;MoveWest;(23, 11);;(23, 11);1;1847
9;0.25;MoveWest;(23, 11);;(23, 11);1;1848
9;0.25;MoveWest;(23, 11);;(23, 11);1;1849
9;0.25;MoveWest;(23, 11);;(23, 11);1;1850
9;0.25;MoveWest;(23, 11);;(23, 11);1;1851
9;0.25;MoveWest;(23, 11);;(23, 11);1;1852
9;0.25;MoveWest;(22, 11);;(23, 11);1;1853
9;0.25;MoveNorthWest;(22, 11);;(23, 11);1;1854
9;0.25;MoveNorthWest;(22, 11);;(23, 11);1;1855
9;0.25;MoveNorthWest;(22, 11);;(23, 11);1;1856
9;0.25;MoveNorthWest;(22, 11);;(23, 11);1;1857
9;0.25;MoveNorthWest;(22, 11);;(23, 11);1;1858
9;0.25;MoveNorthWest;(22, 11);;(23, 11);1;1859
9;0.25;MoveNorthWest;(22, 11);;(23, 11);1;1860
9;0.25;MoveNorthWest;(22, 11);;(23, 11);1;1861
9;0.25;MoveNorthWest;(21, 10);;(23, 11);1;1862
9;0.25;MoveNorthWest;(21, 10);;(23, 11);1;1863
9;0.25;MoveNorthWest;(21, 10);;(23, 11);1;1864
9;0.25;MoveNorthWest;(21, 10);;(23, 11);1;1865
9;0.25;MoveNorthWest;(21, 10);;(23, 11);1;1866
9;0.25;MoveNorthWest;(21, 10);;(23, 11);1;1867
9;0.25;MoveNorthWest;(21, 10);;(23, 11);1;1868
9;0.25;MoveNorthWest;(21, 10);;(23, 11);1;1869
9;0.25;MoveNorthWest;(21, 10);;(23, 11);1;1870
9;0.25;MoveNorthWest;(20, 9);;(23, 11);1;1871
9;0.25;MoveNorthWest;(20, 9);;(23, 11);1;1872
9;0.25;MoveNorthWest;(20, 9);;(23, 11);1;1873
9;0.25;MoveNorthWest;(20, 9);;(23, 11);1;1874
9;0.25;MoveNorthWest;(20, 9);;(23, 11);1;1875
9;0.25;MoveNorthWest;(20, 9);;(23, 11);1;1876
9;0.25;MoveNorthWest;(20, 9);;(23, 11);1;1877
9;0.25;MoveNorthWest;(20, 9);;(23, 11);1;1878
9;0.25;MoveNorthWest;(20, 9);;(23, 11);1;1879
9;0.25;MoveNorthWest;(19, 8);;(23, 11);1;1880
9;0.25;MoveNorthWest;(19, 8);;(23, 11);1;1881
9;0.25;MoveNorthWest;(19, 8);;(23, 11);1;1882
9;0.25;MoveNorthWest;(19, 8);;(23, 11);1;1883
9;0.25;MoveNorthWest;(19, 8);;(23, 11);1;1884
9;0.25;MoveNorthWest;(19, 8);;(23, 11);1;1885
9;0.25;MoveNorthWest;(19, 8);;(23, 11);1;1886
9;0.25;MoveNorthWest;(19, 8);;(23, 11);1;1887
9;0.25;MoveNorthWest;(19, 8);;(23, 11);1;1888
9;0.25;MoveNorthWest;(19, 8);;(23, 11);1;1889
9;0.25;MoveNorthWest;(19, 8);;(23, 11);1;1890
9;0.25;MoveNorthWest;(19, 8);;(23, 11);1;1891
9;0.25;MoveNorthWest;(19, 8);;(23, 11);1;1892
9;0.25;MoveNorthWest;(19, 8);;(23, 11);1;1893
9;0.25;MoveNorthWest;(18, 7);;(23, 11);1;1894
9;0.25;MoveNorthWest;(18, 7);;(23, 11);1;1895
9;0.25;MoveNorthWest;(18, 7);;(23, 11);1;1896
9;0.25;MoveNorthWest;(18, 7);;(23, 11);1;1897
9;0.25;MoveNorthWest;(18, 7);;(23, 11);1;1898
9;0.25;MoveNorthWest;(18, 7);;(23, 11);1;1899
9;0.25;MoveNorthWest;(18, 7);;(23, 11);1;1900
9;0.25;MoveNorthWest;(18, 7);;(23, 11);1;1901
9;0.25;MoveNorthWest;(18, 7);;(23, 11);1;1902
9;0.25;MoveNorthWest;(17, 6);;(23, 11);1;1903
9;0.25;MoveWest;(17, 6);;(23, 11);1;1904
9;0.25;MoveWest;(17, 6);;(23, 11);1;1905
9;0.25;MoveWest;(17, 6);;(23, 11);1;1906
9;0.25;MoveWest;(17, 6);;(23, 11);1;1907
9;0.25;MoveWest;(17, 6);;(23, 11);1;1908
9;0.25;MoveWest;(17, 6);;(23, 11);1;1909
9;0.25;MoveWest;(17, 6);;(23, 11);1;1910
9;0.25;MoveWest;(17, 6);MoveWest;(22, 11);1;1911
9;0.25;MoveWest;(16, 6);;(22, 11);1;1912
9;0.25;MoveWest;(16, 6);;(22, 11);1;1913
9;0.25;MoveWest;(16, 6);;(22, 11);1;1914
9;0.25;MoveWest;(16, 6);;(22, 11);1;1915
9;0.25;MoveWest;(16, 6);;(22, 11);1;1916
9;0.25;MoveWest;(16, 6);MoveWest;(21, 11);1;1917
9;0.25;MoveWest;(16, 6);;(21, 11);1;1918
9;0.25;MoveWest;(16, 6);;(21, 11);1;1919
9;0.25;MoveWest;(16, 6);;(21, 11);1;1920
9;0.25;MoveWest;(15, 6);;(21, 11);1;1921
9;0.25;MoveWest;(15, 6);;(21, 11);1;1922
9;0.25;MoveWest;(15, 6);;(21, 11);1;1923
9;0.25;MoveWest;(15, 6);;(21, 11);1;1924
9;0.25;MoveWest;(15, 6);MoveWest;(20, 11);1;1925
9;0.25;MoveWest;(15, 6);;(20, 11);1;1926
9;0.25;MoveWest;(15, 6);;(20, 11);1;1927
9;0.25;MoveWest;(15, 6);;(20, 11);1;1928
9;0.25;MoveWest;(15, 6);;(20, 11);1;1929
9;0.25;MoveWest;(14, 6);;(20, 11);1;1930
9;0.25;MoveWest;(14, 6);;(20, 11);1;1931
9;0.25;MoveWest;(14, 6);;(20, 11);1;1932
9;0.25;MoveWest;(14, 6);;(20, 11);1;1933
9;0.25;MoveWest;(14, 6);;(20, 11);1;1934
9;0.25;MoveWest;(14, 6);;(20, 11);1;1935
9;0.25;MoveWest;(14, 6);;(20, 11);1;1936
9;0.25;MoveWest;(14, 6);;(20, 11);1;1937
9;0.25;MoveWest;(14, 6);;(20, 11);1;1938
9;0.25;MoveWest;(13, 6);;(20, 11);1;1939
9;0.25;MoveWest;(13, 6);;(20, 11);1;1940
9;0.25;MoveWest;(13, 6);;(20, 11);1;1941
9;0.25;MoveWest;(13, 6);;(20, 11);1;1942
9;0.25;MoveWest;(13, 6);;(20, 11);1;1943
9;0.25;MoveWest;(13, 6);;(20, 11);1;1944
9;0.25;MoveWest;(13, 6);;(20, 11);1;1945
9;0.25;MoveWest;(13, 6);;(20, 11);1;1946
9;0.25;MoveWest;(13, 6);;(20, 11);1;1947
9;0.25;MoveWest;(12, 6);;(20, 11);1;1948
9;0.25;MoveWest;(12, 6);;(20, 11);1;1949
9;0.25;MoveWest;(12, 6);;(20, 11);1;1950
9;0.25;MoveWest;(12, 6);;(20, 11);1;1951
9;0.25;MoveWest;(12, 6);;(20, 11);1;1952
9;0.25;MoveWest;(12, 6);;(20, 11);1;1953
9;0.25;MoveWest;(12, 6);;(20, 11);1;1954
9;0.25;MoveWest;(12, 6);;(20, 11);1;1955
9;0.25;MoveWest;(12, 6);;(20, 11);1;1956
9;0.25;MoveWest;(12, 6);;(20, 11);1;1957
9;0.25;MoveWest;(12, 6);;(20, 11);1;1958
9;0.25;MoveWest;(12, 6);;(20, 11);1;1959
9;0.25;MoveWest;(12, 6);;(20, 11);1;1960
9;0.25;MoveWest;(12, 6);MoveNorth;(20, 10);1;1961
9;0.25;MoveWest;(11, 6);;(20, 10);1;1962
9;0.25;MoveNorthWest;(11, 6);;(20, 10);1;1963
9;0.25;MoveNorthWest;(11, 6);;(20, 10);1;1964
9;0.25;MoveNorthWest;(11, 6);;(20, 10);1;1965
9;0.25;MoveNorthWest;(11, 6);;(20, 10);1;1966
9;0.25;MoveNorthWest;(11, 6);;(20, 10);1;1967
9;0.25;MoveNorthWest;(11, 6);;(20, 10);1;1968
9;0.25;MoveNorthWest;(11, 6);;(20, 10);1;1969
9;0.25;MoveNorthWest;(11, 6);;(20, 10);1;1970
9;0.25;MoveNorthWest;(11, 6);;(20, 10);1;1971
9;0.25;MoveNorthWest;(11, 6);;(20, 10);1;1972
9;0.25;MoveNorthWest;(11, 6);;(20, 10);1;1973
9;0.25;MoveNorthWest;(11, 6);;(20, 10);1;1974
9;0.25;MoveNorthWest;(11, 6);;(20, 10);1;1975
9;0.25;MoveNorthWest;(10, 5);;(20, 10);1;1976
9;0.25;MoveWest;(10, 5);;(20, 10);1;1977
9;0.25;MoveWest;(10, 5);MoveNorth;(20, 9);1;1978
9;0.25;MoveWest;(10, 5);;(20, 9);1;1979
9;0.25;MoveWest;(10, 5);;(20, 9);1;1980
9;0.25;MoveWest;(10, 5);;(20, 9);1;1981
9;0.25;MoveWest;(10, 5);;(20, 9);1;1982
9;0.25;MoveWest;(10, 5);MoveNorth;(20, 8);1;1983
9;0.25;MoveWest;(10, 5);;(20, 8);1;1984
9;0.25;MoveWest;(10, 5);;(20, 8);1;1985
9;0.25;MoveWest;(10, 5);;(20, 8);1;1986
9;0.25;MoveWest;(10, 5);;(20, 8);1;1987
9;0.25;MoveWest;(10, 5);;(20, 8);1;1988
9;0.25;MoveWest;(10, 5);;(20, 8);1;1989
9;0.25;MoveWest;(9, 5);MoveNorth;(20, 7);1;1990
9;0.25;;(9, 5);;(20, 7);1;1991
9;0.25;;(9, 5);;(20, 7);1;1992
9;0.25;;(9, 5);;(20, 7);1;1993
9;0.25;;(9, 5);MoveNorth;(20, 6);1;1994
9;0.25;;(9, 5);;(20, 6);1;1995
9;0.25;;(9, 5);;(20, 6);1;1996
9;0.25;;(9, 5);;(20, 6);1;1997
9;0.25;;(9, 5);;(20, 6);1;1998
9;0.25;;(9, 5);;(20, 6);1;1999
9;0.25;;(9, 5);;(20, 6);1;2000
9;0.25;;(9, 5);;(20, 6);1;2001
9;0.25;;(9, 5);;(20, 6);1;2002
9;0.25;;(9, 5);;(20, 6);1;2003
9;0.25;;(9, 5);;(20, 6);1;2004
9;0.25;;(9, 5);;(20, 6);1;2005
9;0.25;;(9, 5);MoveWest;(19, 6);1;2006
9;0.25;;(9, 5);;(19, 6);1;2007
9;0.25;;(9, 5);;(19, 6);1;2008
9;0.25;;(9, 5);;(19, 6);1;2009
9;0.25;;(9, 5);;(19, 6);1;2010
9;0.25;;(9, 5);;(19, 6);1;2011
9;0.25;;(9, 5);;(19, 6);1;2012
9;0.25;;(9, 5);;(19, 6);1;2013
9;0.25;;(9, 5);;(19, 6);1;2014
9;0.25;;(9, 5);;(19, 6);1;2015
9;0.25;;(9, 5);;(19, 6);1;2016
9;0.25;;(9, 5);;(19, 6);1;2017
9;0.25;;(9, 5);;(19, 6);1;2018
9;0.25;;(9, 5);;(19, 6);1;2019
9;0.25;;(9, 5);;(19, 6);1;2020
9;0.25;;(9, 5);;(19, 6);1;2021
9;0.25;;(9, 5);;(19, 6);1;2022
9;0.25;;(9, 5);;(19, 6);1;2023
9;0.25;;(9, 5);;(19, 6);1;2024
9;0.25;;(9, 5);;(19, 6);1;2025
9;0.25;;(9, 5);;(19, 6);1;2026
9;0.25;;(9, 5);;(19, 6);1;2027
9;0.25;;(9, 5);;(19, 6);1;2028
9;0.25;;(9, 5);;(19, 6);1;2029
9;0.25;;(9, 5);;(19, 6);1;2030
9;0.25;;(9, 5);;(19, 6);1;2031
9;0.25;;(9, 5);;(19, 6);1;2032
9;0.25;;(9, 5);;(19, 6);1;2033
9;0.25;;(9, 5);;(19, 6);1;2034
9;0.25;;(9, 5);;(19, 6);1;2035
9;0.25;RemoveObject;(9, 5);;(19, 6);1;2036
9;0.25;RemoveObject;(9, 5);;(19, 6);1;2037
9;0.25;RemoveObject;(9, 5);;(19, 6);1;2038
9;0.25;RemoveObject;(9, 5);;(19, 6);1;2039
9;0.25;RemoveObject;(9, 5);;(19, 6);1;2040
9;0.25;RemoveObject;(9, 5);;(19, 6);1;2041
9;0.25;RemoveObject;(9, 5);;(19, 6);1;2042
9;0.25;RemoveObject;(9, 5);;(19, 6);1;2043
9;0.25;RemoveObject;(9, 5);;(19, 6);1;2044
9;0.25;RemoveObject;(9, 5);;(19, 6);1;2045
9;0.25;RemoveObject;(9, 5);;(19, 6);1;2046
9;0.25;RemoveObject;(9, 5);MoveWest;(19, 6);1;2047
9;0.25;RemoveObject;(9, 5);MoveWest;(19, 6);1;2048
9;0.25;RemoveObject;(9, 5);MoveWest;(19, 6);1;2049
9;0.25;RemoveObject;(9, 5);MoveWest;(19, 6);1;2050
9;0.25;RemoveObject;(9, 5);MoveWest;(19, 6);1;2051
9;0.25;RemoveObject;(9, 5);MoveWest;(18, 6);1;2052
9;0.25;RemoveObject;(9, 5);MoveWest;(17, 6);1;2053
9;0.25;RemoveObject;(9, 5);;(17, 6);1;2054
9;0.25;RemoveObject;(9, 5);;(17, 6);1;2055
9;0.25;RemoveObject;(9, 5);;(17, 6);1;2056
9;0.25;RemoveObject;(9, 5);MoveWest;(16, 6);1;2057
9;0.25;RemoveObject;(9, 5);MoveWest;(15, 6);1;2058
9;0.25;RemoveObject;(9, 5);;(15, 6);1;2059
9;0.25;RemoveObject;(9, 5);MoveWest;(14, 6);1;2060
9;0.25;RemoveObject;(9, 5);;(14, 6);1;2061
9;0.25;RemoveObject;(9, 5);;(14, 6);1;2062
9;0.25;RemoveObject;(9, 5);MoveWest;(13, 6);1;2063
9;0.25;RemoveObject;(9, 5);;(13, 6);1;2064
9;0.25;RemoveObject;(9, 5);MoveWest;(12, 6);1;2065
9;0.25;RemoveObject;(9, 5);;(12, 6);1;2066
9;0.25;RemoveObject;(9, 5);;(12, 6);1;2067
9;0.25;RemoveObject;(9, 5);MoveWest;(12, 6);1;2068
9;0.25;RemoveObject;(9, 5);MoveWest;(12, 6);1;2069
9;0.25;RemoveObject;(9, 5);MoveWest;(12, 6);1;2070
9;0.25;RemoveObject;(9, 5);MoveWest;(12, 6);1;2071
9;0.25;RemoveObject;(9, 5);MoveWest;(12, 6);1;2072
9;0.25;RemoveObject;(9, 5);MoveWest;(11, 6);1;2073
9;0.25;RemoveObject;(9, 5);MoveWest;(11, 6);1;2074
9;0.25;RemoveObject;(9, 5);MoveWest;(11, 6);1;2075
9;0.25;RemoveObject;(9, 5);MoveWest;(11, 6);1;2076
9;0.25;RemoveObject;(9, 5);MoveWest;(11, 6);1;2077
9;0.25;RemoveObject;(9, 5);MoveWest;(11, 6);1;2078
9;0.25;RemoveObject;(9, 5);MoveWest;(10, 6);1;2079
9;0.25;RemoveObject;(9, 5);MoveWest;(10, 6);1;2080
9;0.25;RemoveObject;(9, 5);MoveWest;(10, 6);1;2081
9;0.25;RemoveObject;(9, 5);MoveWest;(10, 6);1;2082
9;0.25;RemoveObject;(9, 5);MoveWest;(10, 6);1;2083
9;0.25;RemoveObject;(9, 5);MoveWest;(10, 6);1;2084
9;0.25;RemoveObject;(9, 5);MoveWest;(9, 6);1;2085
9;0.25;RemoveObject;(9, 5);MoveWest;(8, 6);1;2086
9;0.25;RemoveObject;(9, 5);;(8, 6);1;2087
9;0.25;RemoveObject;(9, 5);;(8, 6);1;2088
9;0.25;RemoveObject;(9, 5);MoveWest;(7, 6);1;2089
9;0.25;RemoveObject;(9, 5);;(7, 6);1;2090
9;0.25;RemoveObject;(9, 5);;(7, 6);1;2091
9;0.25;RemoveObject;(9, 5);;(7, 6);1;2092
9;0.25;RemoveObject;(9, 5);;(7, 6);1;2093
9;0.25;RemoveObject;(9, 5);;(7, 6);1;2094
9;0.25;RemoveObject;(9, 5);;(7, 6);1;2095
9;0.25;RemoveObject;(9, 5);MoveWest;(6, 6);1;2096
9;0.25;RemoveObject;(9, 5);;(6, 6);1;2097
9;0.25;RemoveObject;(9, 5);MoveWest;(5, 6);1;2098
9;0.25;RemoveObject;(9, 5);;(5, 6);1;2099
9;0.25;RemoveObject;(9, 5);;(5, 6);1;2100
9;0.25;RemoveObject;(9, 5);;(5, 6);1;2101
9;0.25;RemoveObject;(9, 5);;(5, 6);1;2102
9;0.25;RemoveObject;(9, 5);MoveWest;(4, 6);1;2103
9;0.25;RemoveObject;(9, 5);;(4, 6);1;2104
9;0.25;RemoveObject;(9, 5);;(4, 6);1;2105
9;0.25;RemoveObject;(9, 5);;(4, 6);1;2106
9;0.25;RemoveObject;(9, 5);;(4, 6);1;2107
9;0.25;RemoveObject;(9, 5);;(4, 6);1;2108
9;0.25;RemoveObject;(9, 5);;(4, 6);1;2109
9;0.25;RemoveObject;(9, 5);;(4, 6);1;2110
9;0.25;RemoveObject;(9, 5);;(4, 6);1;2111
9;0.25;RemoveObject;(9, 5);;(4, 6);1;2112
9;0.25;RemoveObject;(9, 5);;(4, 6);1;2113
9;0.25;RemoveObject;(9, 5);;(4, 6);1;2114
9;0.25;RemoveObject;(9, 5);;(4, 6);1;2115
9;0.25;RemoveObject;(9, 5);;(4, 6);1;2116
9;0.25;RemoveObject;(9, 5);;(4, 6);1;2117
9;0.25;RemoveObject;(9, 5);;(4, 6);1;2118
9;0.25;RemoveObject;(9, 5);;(4, 6);1;2119
9;0.25;RemoveObject;(9, 5);;(4, 6);1;2120
9;0.25;RemoveObject;(9, 5);;(4, 6);1;2121
9;0.25;RemoveObject;(9, 5);;(4, 6);1;2122
9;0.25;RemoveObject;(9, 5);;(4, 6);1;2123
9;0.25;RemoveObject;(9, 5);;(4, 6);1;2124
9;0.25;RemoveObject;(9, 5);;(4, 6);1;2125
9;0.25;RemoveObject;(9, 5);;(4, 6);1;2126
9;0.25;RemoveObject;(9, 5);;(4, 6);1;2127
9;0.25;RemoveObject;(9, 5);;(4, 6);1;2128
9;0.25;RemoveObject;(9, 5);;(4, 6);1;2129
9;0.25;RemoveObject;(9, 5);;(4, 6);1;2130
9;0.25;RemoveObject;(9, 5);;(4, 6);1;2131
9;0.25;RemoveObject;(9, 5);;(4, 6);1;2132
9;0.25;RemoveObject;(9, 5);;(4, 6);1;2133
9;0.25;RemoveObject;(9, 5);;(4, 6);1;2134
9;0.25;RemoveObject;(9, 5);;(4, 6);1;2135
9;0.25;RemoveObject;(9, 5);;(4, 6);1;2136
9;0.25;RemoveObject;(9, 5);;(4, 6);1;2137
9;0.25;RemoveObject;(9, 5);;(4, 6);1;2138
9;0.25;RemoveObject;(9, 5);;(4, 6);1;2139
9;0.25;RemoveObject;(9, 5);;(4, 6);1;2140
9;0.25;RemoveObject;(9, 5);;(4, 6);1;2141
9;0.25;RemoveObject;(9, 5);;(4, 6);1;2142
9;0.25;RemoveObject;(9, 5);;(4, 6);1;2143
9;0.25;RemoveObject;(9, 5);;(4, 6);1;2144
9;0.25;RemoveObject;(9, 5);;(4, 6);1;2145
9;0.25;RemoveObject;(9, 5);;(4, 6);1;2146
9;0.25;RemoveObject;(9, 5);;(4, 6);1;2147
9;0.25;RemoveObject;(9, 5);MoveWest;(3, 6);1;2148
9;0.25;RemoveObject;(9, 5);;(3, 6);1;2149
9;0.25;RemoveObject;(9, 5);;(3, 6);1;2150
9;0.25;RemoveObject;(9, 5);;(3, 6);1;2151
9;0.25;RemoveObject;(9, 5);;(3, 6);1;2152
9;0.25;RemoveObject;(9, 5);;(3, 6);1;2153
9;0.25;RemoveObject;(9, 5);;(3, 6);1;2154
9;0.25;RemoveObject;(9, 5);MoveSouth;(3, 7);1;2155
9;0.25;RemoveObject;(9, 5);;(3, 7);1;2156
9;0.25;RemoveObject;(9, 5);;(3, 7);1;2157
9;0.25;RemoveObject;(9, 5);;(3, 7);1;2158
9;0.25;RemoveObject;(9, 5);;(3, 7);1;2159
9;0.25;RemoveObject;(9, 5);;(3, 7);1;2160
9;0.25;RemoveObject;(9, 5);;(3, 7);1;2161
9;0.25;RemoveObject;(9, 5);MoveSouth;(3, 8);1;2162
9;0.25;RemoveObject;(9, 5);;(3, 8);1;2163
9;0.25;RemoveObject;(9, 5);;(3, 8);1;2164
9;0.25;RemoveObject;(9, 5);;(3, 8);1;2165
9;0.25;RemoveObject;(9, 5);;(3, 8);1;2166
9;0.25;RemoveObject;(9, 5);;(3, 8);1;2167
9;0.25;RemoveObject;(9, 5);;(3, 8);1;2168
9;0.25;RemoveObject;(9, 5);;(3, 8);1;2169
9;0.25;RemoveObject;(9, 5);;(3, 8);1;2170
9;0.25;RemoveObject;(9, 5);MoveSouth;(3, 9);1;2171
9;0.25;RemoveObject;(9, 5);;(3, 9);1;2172
9;0.25;RemoveObject;(9, 5);;(3, 9);1;2173
9;0.25;RemoveObject;(9, 5);;(3, 9);1;2174
9;0.25;RemoveObject;(9, 5);;(3, 9);1;2175
9;0.25;RemoveObject;(9, 5);;(3, 9);1;2176
9;0.25;RemoveObject;(9, 5);;(3, 9);1;2177
9;0.25;RemoveObject;(9, 5);;(3, 9);1;2178
9;0.25;RemoveObject;(9, 5);;(3, 9);1;2179
9;0.25;RemoveObject;(9, 5);MoveWest;(2, 9);1;2180
9;0.25;RemoveObject;(9, 5);;(2, 9);1;2181
9;0.25;RemoveObject;(9, 5);;(2, 9);1;2182
9;0.25;RemoveObject;(9, 5);;(2, 9);1;2183
9;0.25;RemoveObject;(9, 5);;(2, 9);1;2184
9;0.25;RemoveObject;(9, 5);;(2, 9);1;2185
9;0.25;RemoveObject;(9, 5);;(2, 9);1;2186
9;0.25;RemoveObject;(9, 5);;(2, 9);1;2187
9;0.25;RemoveObject;(9, 5);;(2, 9);1;2188
9;0.25;RemoveObject;(9, 5);;(2, 9);1;2189
9;0.25;RemoveObject;(9, 5);MoveEast;(3, 9);1;2190
9;0.25;RemoveObject;(9, 5);;(3, 9);1;2191
9;0.25;RemoveObject;(9, 5);;(3, 9);1;2192
9;0.25;RemoveObject;(9, 5);;(3, 9);1;2193
9;0.25;RemoveObject;(9, 5);;(3, 9);1;2194
9;0.25;RemoveObject;(9, 5);;(3, 9);1;2195
9;0.25;RemoveObject;(9, 5);;(3, 9);1;2196
9;0.25;RemoveObject;(9, 5);;(3, 9);1;2197
9;0.25;RemoveObject;(9, 5);;(3, 9);1;2198
9;0.25;RemoveObject;(9, 5);;(3, 9);1;2199
9;0.25;RemoveObject;(9, 5);;(3, 9);1;2200
9;0.25;RemoveObject;(9, 5);;(3, 9);1;2201
9;0.25;RemoveObject;(9, 5);;(3, 9);1;2202
9;0.25;RemoveObject;(9, 5);;(3, 9);1;2203
9;0.25;RemoveObject;(9, 5);;(3, 9);1;2204
9;0.25;RemoveObject;(9, 5);;(3, 9);1;2205
9;0.25;RemoveObject;(9, 5);MoveNorth;(3, 8);1;2206
9;0.25;RemoveObject;(9, 5);;(3, 8);1;2207
9;0.25;RemoveObject;(9, 5);;(3, 8);1;2208
9;0.25;RemoveObject;(9, 5);;(3, 8);1;2209
9;0.25;RemoveObject;(9, 5);;(3, 8);1;2210
9;0.25;RemoveObject;(9, 5);;(3, 8);1;2211
9;0.25;RemoveObject;(9, 5);MoveNorth;(3, 7);1;2212
9;0.25;RemoveObject;(9, 5);;(3, 7);1;2213
9;0.25;RemoveObject;(9, 5);;(3, 7);1;2214
9;0.25;RemoveObject;(9, 5);;(3, 7);1;2215
9;0.25;RemoveObject;(9, 5);;(3, 7);1;2216
9;0.25;RemoveObject;(9, 5);;(3, 7);1;2217
9;0.25;RemoveObject;(9, 5);;(3, 7);1;2218
9;0.25;RemoveObject;(9, 5);MoveNorth;(3, 6);1;2219
9;0.25;RemoveObject;(9, 5);;(3, 6);1;2220
9;0.25;RemoveObject;(9, 5);;(3, 6);1;2221
9;0.25;RemoveObject;(9, 5);;(3, 6);1;2222
9;0.25;RemoveObject;(9, 5);;(3, 6);1;2223
9;0.25;RemoveObject;(9, 5);;(3, 6);1;2224
9;0.25;RemoveObject;(9, 5);;(3, 6);1;2225
9;0.25;RemoveObject;(9, 5);;(3, 6);1;2226
9;0.25;RemoveObject;(9, 5);;(3, 6);1;2227
9;0.25;RemoveObject;(9, 5);MoveNorth;(3, 5);1;2228
9;0.25;RemoveObject;(9, 5);;(3, 5);1;2229
9;0.25;RemoveObject;(9, 5);;(3, 5);1;2230
9;0.25;RemoveObject;(9, 5);;(3, 5);1;2231
9;0.25;RemoveObject;(9, 5);;(3, 5);1;2232
9;0.25;RemoveObject;(9, 5);;(3, 5);1;2233
9;0.25;RemoveObject;(9, 5);;(3, 5);1;2234
9;0.25;RemoveObject;(9, 5);;(3, 5);1;2235
9;0.25;RemoveObject;(9, 5);;(3, 5);1;2236
9;0.25;MoveNorth;(9, 5);;(3, 5);1;2237
9;0.25;MoveNorth;(9, 5);;(3, 5);1;2238
9;0.25;MoveNorth;(9, 5);;(3, 5);1;2239
9;0.25;MoveNorth;(9, 5);;(3, 5);1;2240
9;0.25;MoveNorth;(9, 5);;(3, 5);1;2241
9;0.25;MoveNorth;(9, 5);;(3, 5);1;2242
9;0.25;MoveNorth;(9, 5);;(3, 5);1;2243
9;0.25;MoveNorth;(9, 5);;(3, 5);1;2244
9;0.25;MoveNorth;(9, 4);;(3, 5);1;2245
9;0.25;MoveNorthWest;(9, 4);;(3, 5);1;2246
9;0.25;MoveNorthWest;(9, 4);;(3, 5);1;2247
9;0.25;MoveNorthWest;(9, 4);;(3, 5);1;2248
9;0.25;MoveNorthWest;(9, 4);;(3, 5);1;2249
9;0.25;MoveNorthWest;(9, 4);;(3, 5);1;2250
9;0.25;MoveNorthWest;(9, 4);;(3, 5);1;2251
9;0.25;MoveNorthWest;(9, 4);;(3, 5);1;2252
9;0.25;MoveNorthWest;(9, 4);;(3, 5);1;2253
9;0.25;MoveNorthWest;(8, 3);;(3, 5);1;2254
9;0.25;MoveNorth;(8, 3);;(3, 5);1;2255
9;0.25;MoveNorth;(8, 3);;(3, 5);1;2256
9;0.25;MoveNorth;(8, 3);;(3, 5);1;2257
9;0.25;MoveNorth;(8, 3);;(3, 5);1;2258
9;0.25;MoveNorth;(8, 3);;(3, 5);1;2259
9;0.25;MoveNorth;(8, 3);;(3, 5);1;2260
9;0.25;MoveNorth;(8, 3);;(3, 5);1;2261
9;0.25;MoveNorth;(8, 3);;(3, 5);1;2262
9;0.25;MoveNorth;(8, 2);;(3, 5);1;2263
9;0.25;MoveSouthEast;(8, 2);;(3, 5);1;2264
9;0.25;MoveSouthEast;(8, 2);;(3, 5);1;2265
9;0.25;MoveSouthEast;(8, 2);;(3, 5);1;2266
9;0.25;MoveSouthEast;(8, 2);;(3, 5);1;2267
9;0.25;MoveSouthEast;(8, 2);;(3, 5);1;2268
9;0.25;MoveSouthEast;(8, 2);;(3, 5);1;2269
9;0.25;MoveSouthEast;(8, 2);;(3, 5);1;2270
9;0.25;MoveSouthEast;(8, 2);;(3, 5);1;2271
9;0.25;MoveSouthEast;(9, 3);;(3, 5);1;2272
9;0.25;MoveNorthEast;(9, 3);;(3, 5);1;2273
9;0.25;MoveNorthEast;(9, 3);;(3, 5);1;2274
9;0.25;MoveNorthEast;(9, 3);;(3, 5);1;2275
9;0.25;MoveNorthEast;(9, 3);;(3, 5);1;2276
9;0.25;MoveNorthEast;(9, 3);;(3, 5);1;2277
9;0.25;MoveNorthEast;(9, 3);;(3, 5);1;2278
9;0.25;MoveNorthEast;(9, 3);;(3, 5);1;2279
9;0.25;MoveNorthEast;(9, 3);;(3, 5);1;2280
9;0.25;MoveNorthEast;(10, 2);;(3, 5);1;2281
9;0.25;MoveSouthWest;(10, 2);;(3, 5);1;2282
9;0.25;MoveSouthWest;(10, 2);;(3, 5);1;2283
9;0.25;MoveSouthWest;(10, 2);;(3, 5);1;2284
9;0.25;MoveSouthWest;(10, 2);;(3, 5);1;2285
9;0.25;MoveSouthWest;(10, 2);;(3, 5);1;2286
9;0.25;MoveSouthWest;(10, 2);;(3, 5);1;2287
9;0.25;MoveSouthWest;(10, 2);;(3, 5);1;2288
9;0.25;MoveSouthWest;(10, 2);;(3, 5);1;2289
9;0.25;MoveSouthWest;(9, 3);;(3, 5);1;2290
9;0.25;MoveSouth;(9, 3);;(3, 5);1;2291
9;0.25;MoveSouth;(9, 3);;(3, 5);1;2292
9;0.25;MoveSouth;(9, 3);;(3, 5);1;2293
9;0.25;MoveSouth;(9, 3);;(3, 5);1;2294
9;0.25;MoveSouth;(9, 3);;(3, 5);1;2295
9;0.25;MoveSouth;(9, 3);;(3, 5);1;2296
9;0.25;MoveSouth;(9, 3);;(3, 5);1;2297
9;0.25;MoveSouth;(9, 3);;(3, 5);1;2298
9;0.25;MoveSouth;(9, 4);;(3, 5);1;2299
9;0.25;MoveSouthWest;(9, 4);;(3, 5);1;2300
9;0.25;MoveSouthWest;(9, 4);;(3, 5);1;2301
9;0.25;MoveSouthWest;(9, 4);;(3, 5);1;2302
9;0.25;MoveSouthWest;(9, 4);;(3, 5);1;2303
9;0.25;MoveSouthWest;(9, 4);;(3, 5);1;2304
9;0.25;MoveSouthWest;(9, 4);;(3, 5);1;2305
9;0.25;MoveSouthWest;(9, 4);;(3, 5);1;2306
9;0.25;MoveSouthWest;(9, 4);;(3, 5);1;2307
9;0.25;MoveSouthWest;(8, 5);;(3, 5);1;2308
9;0.25;MoveWest;(8, 5);;(3, 5);1;2309
9;0.25;MoveWest;(8, 5);;(3, 5);1;2310
9;0.25;MoveWest;(8, 5);;(3, 5);1;2311
9;0.25;MoveWest;(8, 5);;(3, 5);1;2312
9;0.25;MoveWest;(8, 5);;(3, 5);1;2313
9;0.25;MoveWest;(8, 5);;(3, 5);1;2314
9;0.25;MoveWest;(8, 5);;(3, 5);1;2315
9;0.25;MoveWest;(8, 5);;(3, 5);1;2316
9;0.25;MoveWest;(8, 5);;(3, 5);1;2317
9;0.25;MoveWest;(8, 5);;(3, 5);1;2318
9;0.25;MoveWest;(8, 5);;(3, 5);1;2319
9;0.25;MoveWest;(8, 5);;(3, 5);1;2320
9;0.25;MoveWest;(8, 5);;(3, 5);1;2321
9;0.25;MoveWest;(7, 5);;(3, 5);1;2322
9;0.25;MoveWest;(7, 5);;(3, 5);1;2323
9;0.25;MoveWest;(7, 5);;(3, 5);1;2324
9;0.25;MoveWest;(7, 5);;(3, 5);1;2325
9;0.25;MoveWest;(7, 5);;(3, 5);1;2326
9;0.25;MoveWest;(7, 5);;(3, 5);1;2327
9;0.25;MoveWest;(7, 5);;(3, 5);1;2328
9;0.25;MoveWest;(7, 5);;(3, 5);1;2329
9;0.25;MoveWest;(7, 5);;(3, 5);1;2330
9;0.25;MoveWest;(7, 5);;(3, 5);1;2331
9;0.25;MoveWest;(7, 5);;(3, 5);1;2332
9;0.25;MoveWest;(7, 5);;(3, 5);1;2333
9;0.25;MoveWest;(7, 5);;(3, 5);1;2334
9;0.25;MoveWest;(7, 5);;(3, 5);1;2335
9;0.25;MoveWest;(6, 5);;(3, 5);1;2336
9;0.25;MoveWest;(6, 5);;(3, 5);1;2337
9;0.25;MoveWest;(6, 5);;(3, 5);1;2338
9;0.25;MoveWest;(6, 5);;(3, 5);1;2339
9;0.25;MoveWest;(6, 5);;(3, 5);1;2340
9;0.25;MoveWest;(6, 5);;(3, 5);1;2341
9;0.25;MoveWest;(6, 5);;(3, 5);1;2342
9;0.25;MoveWest;(6, 5);;(3, 5);1;2343
9;0.25;MoveWest;(6, 5);;(3, 5);1;2344
9;0.25;MoveWest;(6, 5);;(3, 5);1;2345
9;0.25;MoveWest;(6, 5);;(3, 5);1;2346
9;0.25;MoveWest;(6, 5);;(3, 5);1;2347
9;0.25;MoveWest;(6, 5);;(3, 5);1;2348
9;0.25;MoveWest;(6, 5);;(3, 5);1;2349
9;0.25;MoveWest;(5, 5);;(3, 5);1;2350
9;0.25;MoveWest;(5, 5);;(3, 5);1;2351
9;0.25;MoveWest;(5, 5);;(3, 5);1;2352
9;0.25;MoveWest;(5, 5);;(3, 5);1;2353
9;0.25;MoveWest;(5, 5);;(3, 5);1;2354
9;0.25;MoveWest;(5, 5);;(3, 5);1;2355
9;0.25;MoveWest;(5, 5);;(3, 5);1;2356
9;0.25;MoveWest;(5, 5);;(3, 5);1;2357
9;0.25;MoveWest;(5, 5);;(3, 5);1;2358
9;0.25;MoveWest;(4, 5);;(3, 5);1;2359
9;0.25;MoveWest;(4, 5);;(3, 5);1;2360
9;0.25;MoveWest;(4, 5);;(3, 5);1;2361
9;0.25;MoveWest;(4, 5);;(3, 5);1;2362
9;0.25;MoveWest;(4, 5);;(3, 5);1;2363
9;0.25;MoveWest;(4, 5);;(3, 5);1;2364
9;0.25;MoveWest;(4, 5);;(3, 5);1;2365
9;0.25;MoveWest;(4, 5);;(3, 5);1;2366
9;0.25;MoveWest;(4, 5);;(3, 5);1;2367
9;0.25;MoveWest;(3, 5);;(3, 5);1;2368
9;0.25;;(3, 5);;(3, 5);1;2369
9;0.25;;(3, 5);;(3, 5);1;2370
9;0.25;;(3, 5);;(3, 5);1;2371
9;0.25;;(3, 5);;(3, 5);1;2372
9;0.25;;(3, 5);;(3, 5);1;2373
9;0.25;;(3, 5);;(3, 5);1;2374
9;0.25;;(3, 5);;(3, 5);1;2375
9;0.25;;(3, 5);;(3, 5);1;2376
9;0.25;;(3, 5);;(3, 5);1;2377
9;0.25;;(3, 5);;(3, 5);1;2378
9;0.25;;(3, 5);;(3, 5);1;2379
9;0.25;;(3, 5);;(3, 5);1;2380
9;0.25;;(3, 5);;(3, 5);1;2381
9;0.25;;(3, 5);;(3, 5);1;2382
9;0.25;;(3, 5);;(3, 5);1;2383
9;0.25;;(3, 5);;(3, 5);1;2384
9;0.25;;(3, 5);;(3, 5);1;2385
9;0.25;;(3, 5);;(3, 5);1;2386
9;0.25;;(3, 5);;(3, 5);1;2387
9;0.25;;(3, 5);;(3, 5);1;2388
9;0.25;;(3, 5);;(3, 5);1;2389
9;0.25;;(3, 5);;(3, 5);1;2390
9;0.25;;(3, 5);;(3, 5);1;2391
9;0.25;;(3, 5);;(3, 5);1;2392
9;0.25;;(3, 5);;(3, 5);1;2393
9;0.25;;(3, 5);;(3, 5);1;2394
9;0.25;;(3, 5);;(3, 5);1;2395
9;0.25;;(3, 5);;(3, 5);1;2396
9;0.25;;(3, 5);;(3, 5);1;2397
9;0.25;;(3, 5);;(3, 5);1;2398
9;0.25;;(3, 5);;(3, 5);1;2399
9;0.25;;(3, 5);;(3, 5);1;2400
9;0.25;;(3, 5);;(3, 5);1;2401
9;0.25;;(3, 5);RemoveObjectTogether;(3, 5);1;2402
9;0.25;;(3, 5);RemoveObjectTogether;(3, 5);1;2403
9;0.25;;(3, 5);RemoveObjectTogether;(3, 5);1;2404
9;0.25;;(3, 5);RemoveObjectTogether;(3, 5);1;2405
9;0.25;;(3, 5);RemoveObjectTogether;(3, 5);1;2406
9;0.25;;(3, 5);RemoveObjectTogether;(3, 5);1;2407
9;0.25;;(3, 5);RemoveObjectTogether;(3, 5);1;2408
9;0.25;;(3, 5);RemoveObjectTogether;(3, 5);1;2409
9;0.25;;(3, 5);RemoveObjectTogether;(3, 5);1;2410
9;0.25;;(3, 5);RemoveObjectTogether;(3, 5);1;2411
9;0.25;;(3, 5);RemoveObjectTogether;(3, 5);1;2412
9;0.25;;(3, 5);RemoveObjectTogether;(3, 5);1;2413
9;0.25;;(3, 5);RemoveObjectTogether;(3, 5);1;2414
9;0.25;;(3, 5);RemoveObjectTogether;(3, 5);1;2415
9;0.25;;(3, 5);RemoveObjectTogether;(3, 5);1;2416
9;0.25;;(3, 5);RemoveObjectTogether;(3, 5);1;2417
9;0.25;;(3, 5);RemoveObjectTogether;(3, 5);1;2418
9;0.25;;(3, 5);RemoveObjectTogether;(3, 5);1;2419
9;0.25;;(3, 5);RemoveObjectTogether;(3, 5);1;2420
9;0.25;;(3, 5);RemoveObjectTogether;(3, 5);1;2421
9;0.25;;(3, 5);RemoveObjectTogether;(3, 5);1;2422
9;0.25;;(3, 5);RemoveObjectTogether;(3, 5);1;2423
9;0.25;;(3, 5);RemoveObjectTogether;(3, 5);1;2424
9;0.25;;(3, 5);RemoveObjectTogether;(3, 5);1;2425
9;0.25;;(3, 5);RemoveObjectTogether;(3, 5);1;2426
9;0.25;;(3, 5);RemoveObjectTogether;(3, 5);1;2427
9;0.25;;(3, 5);RemoveObjectTogether;(3, 5);1;2428
9;0.25;;(3, 5);RemoveObjectTogether;(3, 5);1;2429
9;0.25;;(3, 5);RemoveObjectTogether;(3, 5);1;2430
9;0.25;;(3, 5);RemoveObjectTogether;(3, 5);1;2431
9;0.25;;(3, 5);RemoveObjectTogether;(3, 5);1;2432
9;0.25;;(3, 5);RemoveObjectTogether;(3, 5);1;2433
9;0.25;;(3, 5);RemoveObjectTogether;(3, 5);1;2434
9;0.25;;(3, 5);RemoveObjectTogether;(3, 5);1;2435
9;0.25;;(3, 5);RemoveObjectTogether;(3, 5);1;2436
9;0.25;;(3, 5);RemoveObjectTogether;(3, 5);1;2437
9;0.25;;(3, 5);RemoveObjectTogether;(3, 5);1;2438
9;0.25;;(3, 5);RemoveObjectTogether;(3, 5);1;2439
9;0.25;;(3, 5);RemoveObjectTogether;(3, 5);1;2440
9;0.25;;(3, 5);RemoveObjectTogether;(3, 5);1;2441
9;0.25;;(3, 5);RemoveObjectTogether;(3, 5);1;2442
9;0.25;;(3, 5);RemoveObjectTogether;(3, 5);1;2443
9;0.25;;(3, 5);RemoveObjectTogether;(3, 5);1;2444
9;0.25;;(3, 5);RemoveObjectTogether;(3, 5);1;2445
9;0.25;;(3, 5);RemoveObjectTogether;(3, 5);1;2446
9;0.25;;(3, 5);RemoveObjectTogether;(3, 5);1;2447
9;0.25;;(3, 5);RemoveObjectTogether;(3, 5);1;2448
9;0.25;;(3, 5);RemoveObjectTogether;(3, 5);1;2449
9;0.25;;(3, 5);RemoveObjectTogether;(3, 5);1;2450
9;0.25;;(3, 5);RemoveObjectTogether;(3, 5);1;2451
9;0.25;;(3, 5);RemoveObjectTogether;(3, 5);1;2452
9;0.25;MoveNorth;(3, 5);;(3, 5);1;2453
9;0.25;MoveNorth;(3, 5);;(3, 5);1;2454
9;0.25;MoveNorth;(3, 5);;(3, 5);1;2455
9;0.25;MoveNorth;(3, 5);;(3, 5);1;2456
9;0.25;MoveNorth;(3, 5);;(3, 5);1;2457
9;0.25;MoveNorth;(3, 5);;(3, 5);1;2458
9;0.25;MoveNorth;(3, 5);;(3, 5);1;2459
9;0.25;MoveNorth;(3, 5);;(3, 5);1;2460
9;0.25;MoveNorth;(3, 4);;(3, 5);1;2461
9;0.25;MoveNorthWest;(3, 4);;(3, 5);1;2462
9;0.25;MoveNorthWest;(3, 4);;(3, 5);1;2463
9;0.25;MoveNorthWest;(3, 4);;(3, 5);1;2464
9;0.25;MoveNorthWest;(3, 4);;(3, 5);1;2465
9;0.25;MoveNorthWest;(3, 4);;(3, 5);1;2466
9;0.25;MoveNorthWest;(3, 4);;(3, 5);1;2467
9;0.25;MoveNorthWest;(3, 4);;(3, 5);1;2468
9;0.25;MoveNorthWest;(3, 4);;(3, 5);1;2469
9;0.25;MoveNorthWest;(2, 3);MoveNorth;(3, 4);1;2470
9;0.25;MoveNorth;(2, 3);;(3, 4);1;2471
9;0.25;MoveNorth;(2, 3);;(3, 4);1;2472
9;0.25;MoveNorth;(2, 3);;(3, 4);1;2473
9;0.25;MoveNorth;(2, 3);;(3, 4);1;2474
9;0.25;MoveNorth;(2, 3);;(3, 4);1;2475
9;0.25;MoveNorth;(2, 3);MoveNorth;(3, 3);1;2476
9;0.25;MoveNorth;(2, 3);;(3, 3);1;2477
9;0.25;MoveNorth;(2, 3);;(3, 3);1;2478
9;0.25;MoveNorth;(2, 2);;(3, 3);1;2479
9;0.25;MoveSouthEast;(2, 2);;(3, 3);1;2480
9;0.25;MoveSouthEast;(2, 2);;(3, 3);1;2481
9;0.25;MoveSouthEast;(2, 2);;(3, 3);1;2482
9;0.25;MoveSouthEast;(2, 2);MoveNorth;(3, 2);1;2483
9;0.25;MoveSouthEast;(2, 2);;(3, 2);1;2484
9;0.25;MoveSouthEast;(2, 2);;(3, 2);1;2485
9;0.25;MoveSouthEast;(2, 2);;(3, 2);1;2486
9;0.25;MoveSouthEast;(2, 2);;(3, 2);1;2487
9;0.25;MoveSouthEast;(3, 3);;(3, 2);1;2488
9;0.25;MoveNorthEast;(3, 3);;(3, 2);1;2489
9;0.25;MoveNorthEast;(3, 3);MoveNorth;(3, 2);1;2490
9;0.25;MoveNorthEast;(3, 3);;(3, 2);1;2491
9;0.25;MoveNorthEast;(3, 3);;(3, 2);1;2492
9;0.25;MoveNorthEast;(3, 3);;(3, 2);1;2493
9;0.25;MoveNorthEast;(3, 3);;(3, 2);1;2494
9;0.25;MoveNorthEast;(3, 3);;(3, 2);1;2495
9;0.25;MoveNorthEast;(3, 3);;(3, 2);1;2496
9;0.25;MoveNorthEast;(4, 2);MoveSouth;(3, 3);1;2497
9;0.25;;(4, 2);;(3, 3);1;2498
9;0.25;;(4, 2);;(3, 3);1;2499
9;0.25;;(4, 2);;(3, 3);1;2500
9;0.25;;(4, 2);;(3, 3);1;2501
9;0.25;;(4, 2);;(3, 3);1;2502
9;0.25;;(4, 2);;(3, 3);1;2503
9;0.25;;(4, 2);;(3, 3);1;2504
9;0.25;;(4, 2);;(3, 3);1;2505
9;0.25;;(4, 2);;(3, 3);1;2506
9;0.25;;(4, 2);;(3, 3);1;2507
9;0.25;;(4, 2);;(3, 3);1;2508
9;0.25;;(4, 2);;(3, 3);1;2509
9;0.25;;(4, 2);;(3, 3);1;2510
9;0.25;;(4, 2);;(3, 3);1;2511
9;0.25;;(4, 2);;(3, 3);1;2512
9;0.25;;(4, 2);;(3, 3);1;2513
9;0.25;;(4, 2);;(3, 3);1;2514
9;0.25;;(4, 2);;(3, 3);1;2515
9;0.25;;(4, 2);;(3, 3);1;2516
9;0.25;;(4, 2);;(3, 3);1;2517
9;0.25;;(4, 2);;(3, 3);1;2518
9;0.25;;(4, 2);;(3, 3);1;2519
9;0.25;;(4, 2);;(3, 3);1;2520
9;0.25;;(4, 2);;(3, 3);1;2521
9;0.25;;(4, 2);;(3, 3);1;2522
9;0.25;;(4, 2);;(3, 3);1;2523
9;0.25;;(4, 2);;(3, 3);1;2524
9;0.25;;(4, 2);;(3, 3);1;2525
9;0.25;;(4, 2);;(3, 3);1;2526
9;0.25;;(4, 2);;(3, 3);1;2527
9;0.25;;(4, 2);;(3, 3);1;2528
9;0.25;;(4, 2);;(3, 3);1;2529
9;0.25;;(4, 2);;(3, 3);1;2530
9;0.25;;(4, 2);;(3, 3);1;2531
9;0.25;;(4, 2);;(3, 3);1;2532
9;0.25;;(4, 2);;(3, 3);1;2533
9;0.25;;(4, 2);;(3, 3);1;2534
9;0.25;;(4, 2);;(3, 3);1;2535
9;0.25;;(4, 2);;(3, 3);1;2536
9;0.25;;(4, 2);;(3, 3);1;2537
9;0.25;;(4, 2);;(3, 3);1;2538
9;0.25;;(4, 2);;(3, 3);1;2539
9;0.25;;(4, 2);;(3, 3);1;2540
9;0.25;;(4, 2);;(3, 3);1;2541
9;0.25;;(4, 2);;(3, 3);1;2542
9;0.25;;(4, 2);;(3, 3);1;2543
9;0.25;;(4, 2);;(3, 3);1;2544
9;0.25;;(4, 2);;(3, 3);1;2545
9;0.25;;(4, 2);;(3, 3);1;2546
9;0.25;;(4, 2);;(3, 3);1;2547
9;0.25;;(4, 2);;(3, 3);1;2548
9;0.25;;(4, 2);;(3, 3);1;2549
9;0.25;;(4, 2);;(3, 3);1;2550
9;0.25;;(4, 2);;(3, 3);1;2551
9;0.25;;(4, 2);;(3, 3);1;2552
9;0.25;;(4, 2);;(3, 3);1;2553
9;0.25;;(4, 2);;(3, 3);1;2554
9;0.25;;(4, 2);;(3, 3);1;2555
9;0.25;;(4, 2);;(3, 3);1;2556
9;0.25;;(4, 2);;(3, 3);1;2557
9;0.25;;(4, 2);;(3, 3);1;2558
9;0.25;;(4, 2);;(3, 3);1;2559
9;0.25;;(4, 2);;(3, 3);1;2560
9;0.25;;(4, 2);;(3, 3);1;2561
9;0.25;;(4, 2);;(3, 3);1;2562
9;0.25;;(4, 2);;(3, 3);1;2563
9;0.25;;(4, 2);;(3, 3);1;2564
9;0.25;;(4, 2);;(3, 3);1;2565
9;0.25;;(4, 2);;(3, 3);1;2566
9;0.25;;(4, 2);;(3, 3);1;2567
9;0.25;;(4, 2);;(3, 3);1;2568
9;0.25;;(4, 2);;(3, 3);1;2569
9;0.25;Idle;(4, 2);;(3, 3);1;2570
9;0.25;Idle;(4, 2);;(3, 3);1;2571
9;0.25;Idle;(4, 2);;(3, 3);1;2572
9;0.25;Idle;(4, 2);;(3, 3);1;2573
9;0.25;Idle;(4, 2);;(3, 3);1;2574
9;0.25;Idle;(4, 2);;(3, 3);1;2575
9;0.25;Idle;(4, 2);;(3, 3);1;2576
9;0.25;Idle;(4, 2);;(3, 3);1;2577
9;0.25;Idle;(4, 2);;(3, 3);1;2578
9;0.25;Idle;(4, 2);;(3, 3);1;2579
9;0.25;Idle;(4, 2);;(3, 3);1;2580
9;0.25;Idle;(4, 2);;(3, 3);1;2581
9;0.25;Idle;(4, 2);;(3, 3);1;2582
9;0.25;Idle;(4, 2);;(3, 3);1;2583
9;0.25;Idle;(4, 2);;(3, 3);1;2584
9;0.25;Idle;(4, 2);;(3, 3);1;2585
9;0.25;Idle;(4, 2);;(3, 3);1;2586
9;0.25;Idle;(4, 2);MoveSouth;(3, 4);1;2587
9;0.25;Idle;(4, 2);;(3, 4);1;2588
9;0.25;Idle;(4, 2);;(3, 4);1;2589
9;0.25;Idle;(4, 2);;(3, 4);1;2590
9;0.25;Idle;(4, 2);;(3, 4);1;2591
9;0.25;Idle;(4, 2);;(3, 4);1;2592
9;0.25;Idle;(4, 2);MoveSouth;(3, 5);1;2593
9;0.25;Idle;(4, 2);;(3, 5);1;2594
9;0.25;Idle;(4, 2);;(3, 5);1;2595
9;0.25;Idle;(4, 2);;(3, 5);1;2596
9;0.25;Idle;(4, 2);;(3, 5);1;2597
9;0.25;Idle;(4, 2);;(3, 5);1;2598
9;0.25;Idle;(4, 2);;(3, 5);1;2599
9;0.25;Idle;(4, 2);;(3, 5);1;2600
9;0.25;Idle;(4, 2);MoveEast;(4, 5);1;2601
9;0.25;Idle;(4, 2);;(4, 5);1;2602
9;0.25;Idle;(4, 2);;(4, 5);1;2603
9;0.25;Idle;(4, 2);;(4, 5);1;2604
9;0.25;Idle;(4, 2);;(4, 5);1;2605
9;0.25;Idle;(4, 2);;(4, 5);1;2606
9;0.25;Idle;(4, 2);;(4, 5);1;2607
9;0.25;Idle;(4, 2);MoveEast;(5, 5);1;2608
9;0.25;Idle;(4, 2);;(5, 5);1;2609
9;0.25;Idle;(4, 2);;(5, 5);1;2610
9;0.25;Idle;(4, 2);;(5, 5);1;2611
9;0.25;Idle;(4, 2);;(5, 5);1;2612
9;0.25;Idle;(4, 2);;(5, 5);1;2613
9;0.25;Idle;(4, 2);;(5, 5);1;2614
9;0.25;Idle;(4, 2);MoveEast;(6, 5);1;2615
9;0.25;Idle;(4, 2);;(6, 5);1;2616
9;0.25;Idle;(4, 2);;(6, 5);1;2617
9;0.25;Idle;(4, 2);;(6, 5);1;2618
9;0.25;Idle;(4, 2);;(6, 5);1;2619
9;0.25;Idle;(4, 2);;(6, 5);1;2620
9;0.25;Idle;(4, 2);;(6, 5);1;2621
9;0.25;MoveWest;(4, 2);MoveEast;(6, 5);1;2622
9;0.25;MoveWest;(4, 2);MoveEast;(6, 5);1;2623
9;0.25;MoveWest;(4, 2);MoveEast;(6, 5);1;2624
9;0.25;MoveWest;(4, 2);MoveEast;(6, 5);1;2625
9;0.25;MoveWest;(4, 2);MoveEast;(6, 5);1;2626
9;0.25;MoveWest;(4, 2);MoveEast;(7, 5);1;2627
9;0.25;MoveWest;(4, 2);;(7, 5);1;2628
9;0.25;MoveWest;(4, 2);;(7, 5);1;2629
9;0.25;MoveWest;(3, 2);;(7, 5);1;2630
9;0.25;MoveWest;(3, 2);MoveEast;(7, 5);1;2631
9;0.25;MoveWest;(3, 2);MoveEast;(7, 5);1;2632
9;0.25;MoveWest;(3, 2);MoveEast;(7, 5);1;2633
9;0.25;MoveWest;(3, 2);MoveEast;(7, 5);1;2634
9;0.25;MoveWest;(3, 2);MoveEast;(7, 5);1;2635
9;0.25;MoveWest;(3, 2);MoveEast;(8, 5);1;2636
9;0.25;MoveWest;(3, 2);MoveEast;(8, 5);1;2637
9;0.25;MoveWest;(3, 2);MoveEast;(8, 5);1;2638
9;0.25;MoveWest;(2, 2);MoveEast;(8, 5);1;2639
9;0.25;CarryObject;(2, 2);MoveEast;(8, 5);1;2640
9;0.25;CarryObject;(2, 2);MoveEast;(8, 5);1;2641
9;0.25;CarryObject;(2, 2);MoveEast;(9, 5);1;2642
9;0.25;CarryObject;(2, 2);;(9, 5);1;2643
9;0.25;CarryObject;(2, 2);MoveEast;(10, 5);1;2644
9;0.25;CarryObject;(2, 2);;(10, 5);1;2645
9;0.25;CarryObject;(2, 2);;(10, 5);1;2646
9;0.25;CarryObject;(2, 2);;(10, 5);1;2647
9;0.25;CarryObject;(2, 2);;(10, 5);1;2648
9;0.25;CarryObject;(2, 2);;(10, 5);1;2649
9;0.25;CarryObject;(2, 2);MoveNorth;(10, 5);1;2650
9;0.25;CarryObject;(2, 2);MoveNorth;(10, 5);1;2651
9;0.25;CarryObject;(2, 2);MoveNorth;(10, 5);1;2652
9;0.25;CarryObject;(2, 2);MoveNorth;(10, 5);1;2653
9;0.25;CarryObject;(2, 2);MoveNorth;(10, 5);1;2654
9;0.25;CarryObject;(2, 2);MoveNorth;(10, 5);1;2655
9;0.25;CarryObject;(2, 2);MoveWest;(10, 5);1;2656
9;0.25;CarryObject;(2, 2);MoveWest;(10, 5);1;2657
9;0.25;CarryObject;(2, 2);MoveWest;(10, 5);1;2658
9;0.25;CarryObject;(2, 2);MoveWest;(10, 5);1;2659
9;0.25;CarryObject;(2, 2);MoveWest;(10, 5);1;2660
9;0.25;CarryObject;(2, 2);MoveWest;(9, 5);1;2661
9;0.25;CarryObject;(2, 2);;(9, 5);1;2662
9;0.25;CarryObject;(2, 2);;(9, 5);1;2663
9;0.25;CarryObject;(2, 2);;(9, 5);1;2664
9;0.25;CarryObject;(2, 2);;(9, 5);1;2665
9;0.25;CarryObject;(2, 2);;(9, 5);1;2666
9;0.25;CarryObject;(2, 2);;(9, 5);1;2667
9;0.25;CarryObject;(2, 2);;(9, 5);1;2668
9;0.25;CarryObject;(2, 2);MoveNorth;(9, 4);1;2669
9;0.25;CarryObject;(2, 2);;(9, 4);1;2670
9;0.25;CarryObject;(2, 2);;(9, 4);1;2671
9;0.25;CarryObject;(2, 2);;(9, 4);1;2672
9;0.25;CarryObject;(2, 2);;(9, 4);1;2673
9;0.25;CarryObject;(2, 2);;(9, 4);1;2674
9;0.25;CarryObject;(2, 2);;(9, 4);1;2675
9;0.25;CarryObject;(2, 2);MoveNorth;(9, 3);1;2676
9;0.25;CarryObject;(2, 2);;(9, 3);1;2677
9;0.25;CarryObject;(2, 2);;(9, 3);1;2678
9;0.25;CarryObject;(2, 2);;(9, 3);1;2679
9;0.25;CarryObject;(2, 2);;(9, 3);1;2680
9;0.25;CarryObject;(2, 2);;(9, 3);1;2681
9;0.25;CarryObject;(2, 2);;(9, 3);1;2682
9;0.25;CarryObject;(2, 2);;(9, 3);1;2683
9;0.25;CarryObject;(2, 2);;(9, 3);1;2684
9;0.25;CarryObject;(2, 2);;(9, 3);1;2685
9;0.25;CarryObject;(2, 2);MoveNorth;(9, 2);1;2686
9;0.25;CarryObject;(2, 2);;(9, 2);1;2687
9;0.25;CarryObject;(2, 2);;(9, 2);1;2688
9;0.25;CarryObject;(2, 2);;(9, 2);1;2689
9;0.25;CarryObject;(2, 2);;(9, 2);1;2690
9;0.25;CarryObject;(2, 2);;(9, 2);1;2691
9;0.25;CarryObject;(2, 2);;(9, 2);1;2692
9;0.25;CarryObject;(2, 2);;(9, 2);1;2693
9;0.25;CarryObject;(2, 2);;(9, 2);1;2694
9;0.25;CarryObject;(2, 2);;(9, 2);1;2695
9;0.25;CarryObject;(2, 2);;(9, 2);1;2696
9;0.25;CarryObject;(2, 2);;(9, 2);1;2697
9;0.25;CarryObject;(2, 2);;(9, 2);1;2698
9;0.25;CarryObject;(2, 2);;(9, 2);1;2699
9;0.25;CarryObject;(2, 2);;(9, 2);1;2700
9;0.25;CarryObject;(2, 2);;(9, 2);1;2701
9;0.25;CarryObject;(2, 2);;(9, 2);1;2702
9;0.25;CarryObject;(2, 2);;(9, 2);1;2703
9;0.25;CarryObject;(2, 2);;(9, 2);1;2704
9;0.25;CarryObject;(2, 2);;(9, 2);1;2705
9;0.25;CarryObject;(2, 2);;(9, 2);1;2706
9;0.25;CarryObject;(2, 2);;(9, 2);1;2707
9;0.25;CarryObject;(2, 2);;(9, 2);1;2708
9;0.25;CarryObject;(2, 2);;(9, 2);1;2709
9;0.25;CarryObject;(2, 2);;(9, 2);1;2710
9;0.25;CarryObject;(2, 2);;(9, 2);1;2711
9;0.25;CarryObject;(2, 2);;(9, 2);1;2712
9;0.25;CarryObject;(2, 2);;(9, 2);1;2713
9;0.25;CarryObject;(2, 2);;(9, 2);1;2714
9;0.25;CarryObject;(2, 2);;(9, 2);1;2715
9;0.25;CarryObject;(2, 2);;(9, 2);1;2716
9;0.25;CarryObject;(2, 2);;(9, 2);1;2717
9;0.25;CarryObject;(2, 2);;(9, 2);1;2718
9;0.25;CarryObject;(2, 2);;(9, 2);1;2719
9;0.25;CarryObject;(2, 2);;(9, 2);1;2720
9;0.25;CarryObject;(2, 2);;(9, 2);1;2721
9;0.25;CarryObject;(2, 2);;(9, 2);1;2722
9;0.25;CarryObject;(2, 2);;(9, 2);1;2723
9;0.25;CarryObject;(2, 2);;(9, 2);1;2724
9;0.25;CarryObject;(2, 2);;(9, 2);1;2725
9;0.25;CarryObject;(2, 2);;(9, 2);1;2726
9;0.25;CarryObject;(2, 2);;(9, 2);1;2727
9;0.25;CarryObject;(2, 2);;(9, 2);1;2728
9;0.25;CarryObject;(2, 2);;(9, 2);1;2729
9;0.25;CarryObject;(2, 2);;(9, 2);1;2730
9;0.25;CarryObject;(2, 2);;(9, 2);1;2731
9;0.25;CarryObject;(2, 2);;(9, 2);1;2732
9;0.25;CarryObject;(2, 2);;(9, 2);1;2733
9;0.25;CarryObject;(2, 2);;(9, 2);1;2734
9;0.25;CarryObject;(2, 2);;(9, 2);1;2735
9;0.25;CarryObject;(2, 2);;(9, 2);1;2736
9;0.25;CarryObject;(2, 2);;(9, 2);1;2737
9;0.25;CarryObject;(2, 2);;(9, 2);1;2738
9;0.25;CarryObject;(2, 2);;(9, 2);1;2739
9;0.25;CarryObject;(2, 2);;(9, 2);1;2740
9;0.25;CarryObject;(2, 2);;(9, 2);1;2741
9;0.25;CarryObject;(2, 2);;(9, 2);1;2742
9;0.25;CarryObject;(2, 2);;(9, 2);1;2743
9;0.25;CarryObject;(2, 2);;(9, 2);1;2744
9;0.25;CarryObject;(2, 2);;(9, 2);1;2745
9;0.25;CarryObject;(2, 2);;(9, 2);1;2746
9;0.25;CarryObject;(2, 2);;(9, 2);1;2747
9;0.25;CarryObject;(2, 2);;(9, 2);1;2748
9;0.25;CarryObject;(2, 2);;(9, 2);1;2749
9;0.25;CarryObject;(2, 2);;(9, 2);1;2750
9;0.25;CarryObject;(2, 2);;(9, 2);1;2751
9;0.25;CarryObject;(2, 2);;(9, 2);1;2752
9;0.25;CarryObject;(2, 2);;(9, 2);1;2753
9;0.25;CarryObject;(2, 2);;(9, 2);1;2754
9;0.25;CarryObject;(2, 2);;(9, 2);1;2755
9;0.25;CarryObject;(2, 2);;(9, 2);1;2756
9;0.25;CarryObject;(2, 2);;(9, 2);1;2757
9;0.25;CarryObject;(2, 2);;(9, 2);1;2758
9;0.25;CarryObject;(2, 2);;(9, 2);1;2759
9;0.25;CarryObject;(2, 2);;(9, 2);1;2760
9;0.25;CarryObject;(2, 2);;(9, 2);1;2761
9;0.25;CarryObject;(2, 2);;(9, 2);1;2762
9;0.25;CarryObject;(2, 2);;(9, 2);1;2763
9;0.25;CarryObject;(2, 2);;(9, 2);1;2764
9;0.25;CarryObject;(2, 2);;(9, 2);1;2765
9;0.25;CarryObject;(2, 2);;(9, 2);1;2766
9;0.25;CarryObject;(2, 2);;(9, 2);1;2767
9;0.25;CarryObject;(2, 2);;(9, 2);1;2768
9;0.25;CarryObject;(2, 2);;(9, 2);1;2769
9;0.25;CarryObject;(2, 2);;(9, 2);1;2770
9;0.25;CarryObject;(2, 2);;(9, 2);1;2771
9;0.25;CarryObject;(2, 2);;(9, 2);1;2772
9;0.25;CarryObject;(2, 2);;(9, 2);1;2773
9;0.25;CarryObject;(2, 2);;(9, 2);1;2774
9;0.25;CarryObject;(2, 2);;(9, 2);1;2775
9;0.25;CarryObject;(2, 2);;(9, 2);1;2776
9;0.25;CarryObject;(2, 2);;(9, 2);1;2777
9;0.25;CarryObject;(2, 2);;(9, 2);1;2778
9;0.25;CarryObject;(2, 2);;(9, 2);1;2779
9;0.25;CarryObject;(2, 2);;(9, 2);1;2780
9;0.25;CarryObject;(2, 2);;(9, 2);1;2781
9;0.25;CarryObject;(2, 2);;(9, 2);1;2782
9;0.25;CarryObject;(2, 2);;(9, 2);1;2783
9;0.25;CarryObject;(2, 2);MoveWest;(8, 2);1;2784
9;0.25;CarryObject;(2, 2);;(8, 2);1;2785
9;0.25;CarryObject;(2, 2);;(8, 2);1;2786
9;0.25;CarryObject;(2, 2);;(8, 2);1;2787
9;0.25;CarryObject;(2, 2);;(8, 2);1;2788
9;0.25;CarryObject;(2, 2);;(8, 2);1;2789
9;0.25;CarryObject;(2, 2);;(8, 2);1;2790
9;0.25;MoveSouthEast;(2, 2);;(8, 2);1;2791
9;0.25;MoveSouthEast;(2, 2);;(8, 2);1;2792
9;0.25;MoveSouthEast;(2, 2);;(8, 2);1;2793
9;0.25;MoveSouthEast;(2, 2);;(8, 2);1;2794
9;0.25;MoveSouthEast;(2, 2);MoveSouth;(8, 3);1;2795
9;0.25;MoveSouthEast;(2, 2);;(8, 3);1;2796
9;0.25;MoveSouthEast;(2, 2);;(8, 3);1;2797
9;0.25;MoveSouthEast;(2, 2);;(8, 3);1;2798
9;0.25;MoveSouthEast;(3, 3);;(8, 3);1;2799
9;0.25;MoveSouth;(3, 3);;(8, 3);1;2800
9;0.25;MoveSouth;(3, 3);;(8, 3);1;2801
9;0.25;MoveSouth;(3, 3);;(8, 3);1;2802
9;0.25;MoveSouth;(3, 3);;(8, 3);1;2803
9;0.25;MoveSouth;(3, 3);;(8, 3);1;2804
9;0.25;MoveSouth;(3, 3);;(8, 3);1;2805
9;0.25;MoveSouth;(3, 3);;(8, 3);1;2806
9;0.25;MoveSouth;(3, 3);;(8, 3);1;2807
9;0.25;MoveSouth;(3, 4);;(8, 3);1;2808
9;0.25;MoveSouthEast;(3, 4);;(8, 3);1;2809
9;0.25;MoveSouthEast;(3, 4);;(8, 3);1;2810
9;0.25;MoveSouthEast;(3, 4);;(8, 3);1;2811
9;0.25;MoveSouthEast;(3, 4);;(8, 3);1;2812
9;0.25;MoveSouthEast;(3, 4);;(8, 3);1;2813
9;0.25;MoveSouthEast;(3, 4);;(8, 3);1;2814
9;0.25;MoveSouthEast;(3, 4);;(8, 3);1;2815
9;0.25;MoveSouthEast;(3, 4);;(8, 3);1;2816
9;0.25;MoveSouthEast;(4, 5);;(8, 3);1;2817
9;0.25;MoveEast;(4, 5);;(8, 3);1;2818
9;0.25;MoveEast;(4, 5);;(8, 3);1;2819
9;0.25;MoveEast;(4, 5);;(8, 3);1;2820
9;0.25;MoveEast;(4, 5);;(8, 3);1;2821
9;0.25;MoveEast;(4, 5);;(8, 3);1;2822
9;0.25;MoveEast;(4, 5);MoveEast;(9, 3);1;2823
9;0.25;MoveEast;(4, 5);;(9, 3);1;2824
9;0.25;MoveEast;(4, 5);;(9, 3);1;2825
9;0.25;MoveEast;(5, 5);;(9, 3);1;2826
9;0.25;MoveEast;(5, 5);;(9, 3);1;2827
9;0.25;MoveEast;(5, 5);;(9, 3);1;2828
9;0.25;MoveEast;(5, 5);;(9, 3);1;2829
9;0.25;MoveEast;(5, 5);;(9, 3);1;2830
9;0.25;MoveEast;(5, 5);;(9, 3);1;2831
9;0.25;MoveEast;(5, 5);;(9, 3);1;2832
9;0.25;MoveEast;(5, 5);;(9, 3);1;2833
9;0.25;MoveEast;(5, 5);;(9, 3);1;2834
9;0.25;MoveEast;(6, 5);;(9, 3);1;2835
9;0.25;MoveEast;(6, 5);;(9, 3);1;2836
9;0.25;MoveEast;(6, 5);;(9, 3);1;2837
9;0.25;MoveEast;(6, 5);;(9, 3);1;2838
9;0.25;MoveEast;(6, 5);;(9, 3);1;2839
9;0.25;MoveEast;(6, 5);;(9, 3);1;2840
9;0.25;MoveEast;(6, 5);;(9, 3);1;2841
9;0.25;MoveEast;(6, 5);;(9, 3);1;2842
9;0.25;MoveEast;(6, 5);;(9, 3);1;2843
9;0.25;MoveEast;(6, 5);;(9, 3);1;2844
9;0.25;MoveEast;(6, 5);;(9, 3);1;2845
9;0.25;MoveEast;(6, 5);;(9, 3);1;2846
9;0.25;MoveEast;(6, 5);;(9, 3);1;2847
9;0.25;MoveEast;(6, 5);;(9, 3);1;2848
9;0.25;MoveEast;(7, 5);;(9, 3);1;2849
9;0.25;MoveEast;(7, 5);;(9, 3);1;2850
9;0.25;MoveEast;(7, 5);;(9, 3);1;2851
9;0.25;MoveEast;(7, 5);;(9, 3);1;2852
9;0.25;MoveEast;(7, 5);MoveEast;(10, 3);1;2853
9;0.25;MoveEast;(7, 5);;(10, 3);1;2854
9;0.25;MoveEast;(7, 5);;(10, 3);1;2855
9;0.25;MoveEast;(7, 5);;(10, 3);1;2856
9;0.25;MoveEast;(7, 5);;(10, 3);1;2857
9;0.25;MoveEast;(7, 5);;(10, 3);1;2858
9;0.25;MoveEast;(7, 5);;(10, 3);1;2859
9;0.25;MoveEast;(7, 5);;(10, 3);1;2860
9;0.25;MoveEast;(7, 5);;(10, 3);1;2861
9;0.25;MoveEast;(7, 5);;(10, 3);1;2862
9;0.25;MoveEast;(8, 5);;(10, 3);1;2863
9;0.25;MoveSouthEast;(8, 5);;(10, 3);1;2864
9;0.25;MoveSouthEast;(8, 5);;(10, 3);1;2865
9;0.25;MoveSouthEast;(8, 5);;(10, 3);1;2866
9;0.25;MoveSouthEast;(8, 5);;(10, 3);1;2867
9;0.25;MoveSouthEast;(8, 5);;(10, 3);1;2868
9;0.25;MoveSouthEast;(8, 5);;(10, 3);1;2869
9;0.25;MoveSouthEast;(8, 5);;(10, 3);1;2870
9;0.25;MoveSouthEast;(8, 5);;(10, 3);1;2871
9;0.25;MoveSouthEast;(8, 5);;(10, 3);1;2872
9;0.25;MoveSouthEast;(8, 5);;(10, 3);1;2873
9;0.25;MoveSouthEast;(8, 5);;(10, 3);1;2874
9;0.25;MoveSouthEast;(8, 5);;(10, 3);1;2875
9;0.25;MoveSouthEast;(8, 5);;(10, 3);1;2876
9;0.25;MoveSouthEast;(9, 6);;(10, 3);1;2877
9;0.25;MoveEast;(9, 6);;(10, 3);1;2878
9;0.25;MoveEast;(9, 6);;(10, 3);1;2879
9;0.25;MoveEast;(9, 6);;(10, 3);1;2880
9;0.25;MoveEast;(9, 6);;(10, 3);1;2881
9;0.25;MoveEast;(9, 6);;(10, 3);1;2882
9;0.25;MoveEast;(9, 6);;(10, 3);1;2883
9;0.25;MoveEast;(9, 6);;(10, 3);1;2884
9;0.25;MoveEast;(9, 6);;(10, 3);1;2885
9;0.25;MoveEast;(10, 6);;(10, 3);1;2886
9;0.25;MoveEast;(10, 6);;(10, 3);1;2887
9;0.25;MoveEast;(10, 6);;(10, 3);1;2888
9;0.25;MoveEast;(10, 6);;(10, 3);1;2889
9;0.25;MoveEast;(10, 6);;(10, 3);1;2890
9;0.25;MoveEast;(10, 6);;(10, 3);1;2891
9;0.25;MoveEast;(10, 6);;(10, 3);1;2892
9;0.25;MoveEast;(10, 6);;(10, 3);1;2893
9;0.25;MoveEast;(10, 6);;(10, 3);1;2894
9;0.25;MoveEast;(10, 6);;(10, 3);1;2895
9;0.25;MoveEast;(10, 6);;(10, 3);1;2896
9;0.25;MoveEast;(10, 6);;(10, 3);1;2897
9;0.25;MoveEast;(10, 6);;(10, 3);1;2898
9;0.25;MoveEast;(10, 6);;(10, 3);1;2899
9;0.25;MoveEast;(11, 6);;(10, 3);1;2900
9;0.25;MoveEast;(11, 6);;(10, 3);1;2901
9;0.25;MoveEast;(11, 6);;(10, 3);1;2902
9;0.25;MoveEast;(11, 6);;(10, 3);1;2903
9;0.25;MoveEast;(11, 6);;(10, 3);1;2904
9;0.25;MoveEast;(11, 6);;(10, 3);1;2905
9;0.25;MoveEast;(11, 6);;(10, 3);1;2906
9;0.25;MoveEast;(11, 6);;(10, 3);1;2907
9;0.25;MoveEast;(11, 6);;(10, 3);1;2908
9;0.25;MoveEast;(11, 6);;(10, 3);1;2909
9;0.25;MoveEast;(11, 6);;(10, 3);1;2910
9;0.25;MoveEast;(11, 6);;(10, 3);1;2911
9;0.25;MoveEast;(11, 6);;(10, 3);1;2912
9;0.25;MoveEast;(11, 6);;(10, 3);1;2913
9;0.25;MoveEast;(12, 6);;(10, 3);1;2914
9;0.25;MoveEast;(12, 6);;(10, 3);1;2915
9;0.25;MoveEast;(12, 6);;(10, 3);1;2916
9;0.25;MoveEast;(12, 6);;(10, 3);1;2917
9;0.25;MoveEast;(12, 6);;(10, 3);1;2918
9;0.25;MoveEast;(12, 6);;(10, 3);1;2919
9;0.25;MoveEast;(12, 6);;(10, 3);1;2920
9;0.25;MoveEast;(12, 6);;(10, 3);1;2921
9;0.25;MoveEast;(12, 6);;(10, 3);1;2922
9;0.25;MoveEast;(12, 6);;(10, 3);1;2923
9;0.25;MoveEast;(12, 6);;(10, 3);1;2924
9;0.25;MoveEast;(12, 6);;(10, 3);1;2925
9;0.25;MoveEast;(12, 6);;(10, 3);1;2926
9;0.25;MoveEast;(12, 6);;(10, 3);1;2927
9;0.25;MoveEast;(13, 6);;(10, 3);1;2928
9;0.25;MoveEast;(13, 6);;(10, 3);1;2929
9;0.25;MoveEast;(13, 6);;(10, 3);1;2930
9;0.25;MoveEast;(13, 6);;(10, 3);1;2931
9;0.25;MoveEast;(13, 6);;(10, 3);1;2932
9;0.25;MoveEast;(13, 6);;(10, 3);1;2933
9;0.25;MoveEast;(13, 6);;(10, 3);1;2934
9;0.25;MoveEast;(13, 6);;(10, 3);1;2935
9;0.25;MoveEast;(13, 6);;(10, 3);1;2936
9;0.25;MoveEast;(14, 6);;(10, 3);1;2937
9;0.25;MoveEast;(14, 6);;(10, 3);1;2938
9;0.25;MoveEast;(14, 6);;(10, 3);1;2939
9;0.25;MoveEast;(14, 6);;(10, 3);1;2940
9;0.25;MoveEast;(14, 6);;(10, 3);1;2941
9;0.25;MoveEast;(14, 6);;(10, 3);1;2942
9;0.25;MoveEast;(14, 6);;(10, 3);1;2943
9;0.25;MoveEast;(14, 6);;(10, 3);1;2944
9;0.25;MoveEast;(14, 6);;(10, 3);1;2945
9;0.25;MoveEast;(15, 6);;(10, 3);1;2946
9;0.25;MoveEast;(15, 6);;(10, 3);1;2947
9;0.25;MoveEast;(15, 6);;(10, 3);1;2948
9;0.25;MoveEast;(15, 6);;(10, 3);1;2949
9;0.25;MoveEast;(15, 6);;(10, 3);1;2950
9;0.25;MoveEast;(15, 6);;(10, 3);1;2951
9;0.25;MoveEast;(15, 6);;(10, 3);1;2952
9;0.25;MoveEast;(15, 6);;(10, 3);1;2953
9;0.25;MoveEast;(15, 6);;(10, 3);1;2954
9;0.25;MoveEast;(16, 6);;(10, 3);1;2955
9;0.25;MoveEast;(16, 6);;(10, 3);1;2956
9;0.25;MoveEast;(16, 6);;(10, 3);1;2957
9;0.25;MoveEast;(16, 6);;(10, 3);1;2958
9;0.25;MoveEast;(16, 6);;(10, 3);1;2959
9;0.25;MoveEast;(16, 6);;(10, 3);1;2960
9;0.25;MoveEast;(16, 6);;(10, 3);1;2961
9;0.25;MoveEast;(16, 6);;(10, 3);1;2962
9;0.25;MoveEast;(16, 6);;(10, 3);1;2963
9;0.25;MoveEast;(17, 6);;(10, 3);1;2964
9;0.25;MoveSouthEast;(17, 6);;(10, 3);1;2965
9;0.25;MoveSouthEast;(17, 6);;(10, 3);1;2966
9;0.25;MoveSouthEast;(17, 6);;(10, 3);1;2967
9;0.25;MoveSouthEast;(17, 6);;(10, 3);1;2968
9;0.25;MoveSouthEast;(17, 6);;(10, 3);1;2969
9;0.25;MoveSouthEast;(17, 6);;(10, 3);1;2970
9;0.25;MoveSouthEast;(17, 6);;(10, 3);1;2971
9;0.25;MoveSouthEast;(17, 6);;(10, 3);1;2972
9;0.25;MoveSouthEast;(18, 7);;(10, 3);1;2973
9;0.25;MoveSouthEast;(18, 7);;(10, 3);1;2974
9;0.25;MoveSouthEast;(18, 7);;(10, 3);1;2975
9;0.25;MoveSouthEast;(18, 7);;(10, 3);1;2976
9;0.25;MoveSouthEast;(18, 7);;(10, 3);1;2977
9;0.25;MoveSouthEast;(18, 7);;(10, 3);1;2978
9;0.25;MoveSouthEast;(18, 7);;(10, 3);1;2979
9;0.25;MoveSouthEast;(18, 7);;(10, 3);1;2980
9;0.25;MoveSouthEast;(18, 7);;(10, 3);1;2981
9;0.25;MoveSouthEast;(19, 8);;(10, 3);1;2982
9;0.25;MoveSouthEast;(19, 8);;(10, 3);1;2983
9;0.25;MoveSouthEast;(19, 8);;(10, 3);1;2984
9;0.25;MoveSouthEast;(19, 8);;(10, 3);1;2985
9;0.25;MoveSouthEast;(19, 8);;(10, 3);1;2986
9;0.25;MoveSouthEast;(19, 8);;(10, 3);1;2987
9;0.25;MoveSouthEast;(19, 8);;(10, 3);1;2988
9;0.25;MoveSouthEast;(19, 8);;(10, 3);1;2989
9;0.25;MoveSouthEast;(19, 8);;(10, 3);1;2990
9;0.25;MoveSouthEast;(19, 8);;(10, 3);1;2991
9;0.25;MoveSouthEast;(19, 8);;(10, 3);1;2992
9;0.25;MoveSouthEast;(19, 8);;(10, 3);1;2993
9;0.25;MoveSouthEast;(19, 8);;(10, 3);1;2994
9;0.25;MoveSouthEast;(19, 8);;(10, 3);1;2995
9;0.25;MoveSouthEast;(20, 9);;(10, 3);1;2996
9;0.25;MoveSouthEast;(20, 9);;(10, 3);1;2997
9;0.25;MoveSouthEast;(20, 9);;(10, 3);1;2998
9;0.25;MoveSouthEast;(20, 9);;(10, 3);1;2999
9;0.25;MoveSouthEast;(20, 9);;(10, 3);1;3000
9;0.25;MoveSouthEast;(20, 9);;(10, 3);1;3001
9;0.25;MoveSouthEast;(20, 9);;(10, 3);1;3002
9;0.25;MoveSouthEast;(20, 9);;(10, 3);1;3003
9;0.25;MoveSouthEast;(20, 9);;(10, 3);1;3004
9;0.25;MoveSouthEast;(21, 10);;(10, 3);1;3005
9;0.25;MoveSouthEast;(21, 10);;(10, 3);1;3006
9;0.25;MoveSouthEast;(21, 10);;(10, 3);1;3007
9;0.25;MoveSouthEast;(21, 10);;(10, 3);1;3008
9;0.25;MoveSouthEast;(21, 10);;(10, 3);1;3009
9;0.25;MoveSouthEast;(21, 10);;(10, 3);1;3010
9;0.25;MoveSouthEast;(21, 10);;(10, 3);1;3011
9;0.25;MoveSouthEast;(21, 10);;(10, 3);1;3012
9;0.25;MoveSouthEast;(21, 10);;(10, 3);1;3013
9;0.25;MoveSouthEast;(22, 11);;(10, 3);1;3014
9;0.25;MoveSouthEast;(22, 11);;(10, 3);1;3015
9;0.25;MoveSouthEast;(22, 11);;(10, 3);1;3016
9;0.25;MoveSouthEast;(22, 11);;(10, 3);1;3017
9;0.25;MoveSouthEast;(22, 11);;(10, 3);1;3018
9;0.25;MoveSouthEast;(22, 11);;(10, 3);1;3019
9;0.25;MoveSouthEast;(22, 11);;(10, 3);1;3020
9;0.25;MoveSouthEast;(22, 11);;(10, 3);1;3021
9;0.25;MoveSouthEast;(22, 11);;(10, 3);1;3022
9;0.25;MoveSouthEast;(23, 12);;(10, 3);1;3023
9;0.25;Drop;(23, 12);;(10, 3);1;3024
9;0.25;Drop;(23, 12);;(10, 3);1;3025
9;0.25;Drop;(23, 12);;(10, 3);1;3026
9;0.25;Drop;(23, 12);;(10, 3);1;3027
9;0.25;Drop;(23, 12);;(10, 3);1;3028
9;0.25;Drop;(23, 12);;(10, 3);1;3029
9;0.25;Drop;(23, 12);;(10, 3);1;3030
9;0.25;Drop;(23, 12);;(10, 3);1;3031
12;0.375;Drop;(23, 12);;(10, 3);1;3032
12;0.375;MoveNorthWest;(23, 12);;(10, 3);1;3033
12;0.375;MoveNorthWest;(23, 12);;(10, 3);1;3034
12;0.375;MoveNorthWest;(23, 12);;(10, 3);1;3035
12;0.375;MoveNorthWest;(23, 12);;(10, 3);1;3036
12;0.375;MoveNorthWest;(23, 12);;(10, 3);1;3037
12;0.375;MoveNorthWest;(23, 12);;(10, 3);1;3038
12;0.375;MoveNorthWest;(23, 12);;(10, 3);1;3039
12;0.375;MoveNorthWest;(23, 12);;(10, 3);1;3040
12;0.375;MoveNorthWest;(22, 11);;(10, 3);1;3041
12;0.375;MoveNorthWest;(22, 11);;(10, 3);1;3042
12;0.375;MoveNorthWest;(22, 11);;(10, 3);1;3043
12;0.375;MoveNorthWest;(22, 11);;(10, 3);1;3044
12;0.375;MoveNorthWest;(22, 11);;(10, 3);1;3045
12;0.375;MoveNorthWest;(22, 11);;(10, 3);1;3046
12;0.375;MoveNorthWest;(22, 11);;(10, 3);1;3047
12;0.375;MoveNorthWest;(22, 11);;(10, 3);1;3048
12;0.375;MoveNorthWest;(22, 11);;(10, 3);1;3049
12;0.375;MoveNorthWest;(21, 10);;(10, 3);1;3050
12;0.375;MoveNorthWest;(21, 10);;(10, 3);1;3051
12;0.375;MoveNorthWest;(21, 10);;(10, 3);1;3052
12;0.375;MoveNorthWest;(21, 10);;(10, 3);1;3053
12;0.375;MoveNorthWest;(21, 10);;(10, 3);1;3054
12;0.375;MoveNorthWest;(21, 10);;(10, 3);1;3055
12;0.375;MoveNorthWest;(21, 10);;(10, 3);1;3056
12;0.375;MoveNorthWest;(21, 10);;(10, 3);1;3057
12;0.375;MoveNorthWest;(21, 10);;(10, 3);1;3058
12;0.375;MoveNorthWest;(20, 9);;(10, 3);1;3059
12;0.375;MoveNorthWest;(20, 9);;(10, 3);1;3060
12;0.375;MoveNorthWest;(20, 9);;(10, 3);1;3061
12;0.375;MoveNorthWest;(20, 9);;(10, 3);1;3062
12;0.375;MoveNorthWest;(20, 9);;(10, 3);1;3063
12;0.375;MoveNorthWest;(20, 9);;(10, 3);1;3064
12;0.375;MoveNorthWest;(20, 9);;(10, 3);1;3065
12;0.375;MoveNorthWest;(20, 9);;(10, 3);1;3066
12;0.375;MoveNorthWest;(20, 9);;(10, 3);1;3067
12;0.375;MoveNorthWest;(19, 8);;(10, 3);1;3068
12;0.375;MoveNorthWest;(19, 8);;(10, 3);1;3069
12;0.375;MoveNorthWest;(19, 8);;(10, 3);1;3070
12;0.375;MoveNorthWest;(19, 8);;(10, 3);1;3071
12;0.375;MoveNorthWest;(19, 8);;(10, 3);1;3072
12;0.375;MoveNorthWest;(19, 8);;(10, 3);1;3073
12;0.375;MoveNorthWest;(19, 8);;(10, 3);1;3074
12;0.375;MoveNorthWest;(19, 8);;(10, 3);1;3075
12;0.375;MoveNorthWest;(19, 8);;(10, 3);1;3076
12;0.375;MoveNorthWest;(19, 8);;(10, 3);1;3077
12;0.375;MoveNorthWest;(19, 8);;(10, 3);1;3078
12;0.375;MoveNorthWest;(19, 8);;(10, 3);1;3079
12;0.375;MoveNorthWest;(19, 8);;(10, 3);1;3080
12;0.375;MoveNorthWest;(19, 8);;(10, 3);1;3081
12;0.375;MoveNorthWest;(18, 7);;(10, 3);1;3082
12;0.375;MoveNorthWest;(18, 7);;(10, 3);1;3083
12;0.375;MoveNorthWest;(18, 7);;(10, 3);1;3084
12;0.375;MoveNorthWest;(18, 7);;(10, 3);1;3085
12;0.375;MoveNorthWest;(18, 7);;(10, 3);1;3086
12;0.375;MoveNorthWest;(18, 7);;(10, 3);1;3087
12;0.375;MoveNorthWest;(18, 7);;(10, 3);1;3088
12;0.375;MoveNorthWest;(18, 7);;(10, 3);1;3089
12;0.375;MoveNorthWest;(18, 7);;(10, 3);1;3090
12;0.375;MoveNorthWest;(17, 6);;(10, 3);1;3091
12;0.375;MoveWest;(17, 6);;(10, 3);1;3092
12;0.375;MoveWest;(17, 6);;(10, 3);1;3093
12;0.375;MoveWest;(17, 6);;(10, 3);1;3094
12;0.375;MoveWest;(17, 6);;(10, 3);1;3095
12;0.375;MoveWest;(17, 6);;(10, 3);1;3096
12;0.375;MoveWest;(17, 6);;(10, 3);1;3097
12;0.375;MoveWest;(17, 6);;(10, 3);1;3098
12;0.375;MoveWest;(17, 6);;(10, 3);1;3099
12;0.375;MoveWest;(16, 6);;(10, 3);1;3100
12;0.375;MoveWest;(16, 6);;(10, 3);1;3101
12;0.375;MoveWest;(16, 6);;(10, 3);1;3102
12;0.375;MoveWest;(16, 6);;(10, 3);1;3103
12;0.375;MoveWest;(16, 6);;(10, 3);1;3104
12;0.375;MoveWest;(16, 6);;(10, 3);1;3105
12;0.375;MoveWest;(16, 6);;(10, 3);1;3106
12;0.375;MoveWest;(16, 6);;(10, 3);1;3107
12;0.375;MoveWest;(16, 6);;(10, 3);1;3108
12;0.375;MoveWest;(15, 6);;(10, 3);1;3109
12;0.375;MoveWest;(15, 6);;(10, 3);1;3110
12;0.375;MoveWest;(15, 6);;(10, 3);1;3111
12;0.375;MoveWest;(15, 6);;(10, 3);1;3112
12;0.375;MoveWest;(15, 6);;(10, 3);1;3113
12;0.375;MoveWest;(15, 6);;(10, 3);1;3114
12;0.375;MoveWest;(15, 6);;(10, 3);1;3115
12;0.375;MoveWest;(15, 6);;(10, 3);1;3116
12;0.375;MoveWest;(15, 6);;(10, 3);1;3117
12;0.375;MoveWest;(14, 6);;(10, 3);1;3118
12;0.375;MoveWest;(14, 6);;(10, 3);1;3119
12;0.375;MoveWest;(14, 6);;(10, 3);1;3120
12;0.375;MoveWest;(14, 6);;(10, 3);1;3121
12;0.375;MoveWest;(14, 6);;(10, 3);1;3122
12;0.375;MoveWest;(14, 6);;(10, 3);1;3123
12;0.375;MoveWest;(14, 6);;(10, 3);1;3124
12;0.375;MoveWest;(14, 6);;(10, 3);1;3125
12;0.375;MoveWest;(14, 6);;(10, 3);1;3126
12;0.375;MoveWest;(13, 6);;(10, 3);1;3127
12;0.375;MoveWest;(13, 6);;(10, 3);1;3128
12;0.375;MoveWest;(13, 6);;(10, 3);1;3129
12;0.375;MoveWest;(13, 6);;(10, 3);1;3130
12;0.375;MoveWest;(13, 6);;(10, 3);1;3131
12;0.375;MoveWest;(13, 6);;(10, 3);1;3132
12;0.375;MoveWest;(13, 6);;(10, 3);1;3133
12;0.375;MoveWest;(13, 6);;(10, 3);1;3134
12;0.375;MoveWest;(13, 6);;(10, 3);1;3135
12;0.375;MoveWest;(12, 6);;(10, 3);1;3136
12;0.375;MoveWest;(12, 6);;(10, 3);1;3137
12;0.375;MoveWest;(12, 6);;(10, 3);1;3138
12;0.375;MoveWest;(12, 6);;(10, 3);1;3139
12;0.375;MoveWest;(12, 6);;(10, 3);1;3140
12;0.375;MoveWest;(12, 6);;(10, 3);1;3141
12;0.375;MoveWest;(12, 6);;(10, 3);1;3142
12;0.375;MoveWest;(12, 6);;(10, 3);1;3143
12;0.375;MoveWest;(12, 6);;(10, 3);1;3144
12;0.375;MoveWest;(12, 6);;(10, 3);1;3145
12;0.375;MoveWest;(12, 6);;(10, 3);1;3146
12;0.375;MoveWest;(12, 6);;(10, 3);1;3147
12;0.375;MoveWest;(12, 6);;(10, 3);1;3148
12;0.375;MoveWest;(12, 6);;(10, 3);1;3149
12;0.375;MoveWest;(11, 6);;(10, 3);1;3150
12;0.375;MoveWest;(11, 6);;(10, 3);1;3151
12;0.375;MoveWest;(11, 6);;(10, 3);1;3152
12;0.375;MoveWest;(11, 6);;(10, 3);1;3153
12;0.375;MoveWest;(11, 6);;(10, 3);1;3154
12;0.375;MoveWest;(11, 6);;(10, 3);1;3155
12;0.375;MoveWest;(11, 6);;(10, 3);1;3156
12;0.375;MoveWest;(11, 6);;(10, 3);1;3157
12;0.375;MoveWest;(11, 6);;(10, 3);1;3158
12;0.375;MoveWest;(11, 6);;(10, 3);1;3159
12;0.375;MoveWest;(11, 6);;(10, 3);1;3160
12;0.375;MoveWest;(11, 6);;(10, 3);1;3161
12;0.375;MoveWest;(11, 6);;(10, 3);1;3162
12;0.375;MoveWest;(11, 6);;(10, 3);1;3163
12;0.375;MoveWest;(10, 6);;(10, 3);1;3164
12;0.375;MoveWest;(10, 6);;(10, 3);1;3165
12;0.375;MoveWest;(10, 6);;(10, 3);1;3166
12;0.375;MoveWest;(10, 6);;(10, 3);1;3167
12;0.375;MoveWest;(10, 6);;(10, 3);1;3168
12;0.375;MoveWest;(10, 6);;(10, 3);1;3169
12;0.375;MoveWest;(10, 6);;(10, 3);1;3170
12;0.375;MoveWest;(10, 6);;(10, 3);1;3171
12;0.375;MoveWest;(10, 6);;(10, 3);1;3172
12;0.375;MoveWest;(10, 6);;(10, 3);1;3173
12;0.375;MoveWest;(10, 6);;(10, 3);1;3174
12;0.375;MoveWest;(10, 6);;(10, 3);1;3175
12;0.375;MoveWest;(10, 6);;(10, 3);1;3176
12;0.375;MoveWest;(10, 6);;(10, 3);1;3177
12;0.375;MoveWest;(9, 6);;(10, 3);1;3178
12;0.375;MoveSouth;(9, 6);;(10, 3);1;3179
12;0.375;MoveSouth;(9, 6);;(10, 3);1;3180
12;0.375;MoveSouth;(9, 6);;(10, 3);1;3181
12;0.375;MoveSouth;(9, 6);;(10, 3);1;3182
12;0.375;MoveSouth;(9, 6);;(10, 3);1;3183
12;0.375;MoveSouth;(9, 6);;(10, 3);1;3184
12;0.375;MoveSouth;(9, 6);;(10, 3);1;3185
12;0.375;MoveSouth;(9, 6);;(10, 3);1;3186
12;0.375;MoveSouth;(9, 7);;(10, 3);1;3187
12;0.375;MoveSouthWest;(9, 7);;(10, 3);1;3188
12;0.375;MoveSouthWest;(9, 7);;(10, 3);1;3189
12;0.375;MoveSouthWest;(9, 7);;(10, 3);1;3190
12;0.375;MoveSouthWest;(9, 7);;(10, 3);1;3191
12;0.375;MoveSouthWest;(9, 7);;(10, 3);1;3192
12;0.375;MoveSouthWest;(9, 7);;(10, 3);1;3193
12;0.375;MoveSouthWest;(9, 7);;(10, 3);1;3194
12;0.375;MoveSouthWest;(9, 7);;(10, 3);1;3195
12;0.375;MoveSouthWest;(8, 8);;(10, 3);1;3196
12;0.375;MoveSouthEast;(8, 8);;(10, 3);1;3197
12;0.375;MoveSouthEast;(8, 8);;(10, 3);1;3198
12;0.375;MoveSouthEast;(8, 8);;(10, 3);1;3199
12;0.375;MoveSouthEast;(8, 8);;(10, 3);1;3200
12;0.375;MoveSouthEast;(8, 8);;(10, 3);1;3201
12;0.375;MoveSouthEast;(8, 8);;(10, 3);1;3202
12;0.375;MoveSouthEast;(8, 8);;(10, 3);1;3203
12;0.375;MoveSouthEast;(8, 8);;(10, 3);1;3204
12;0.375;MoveSouthEast;(9, 9);;(10, 3);1;3205
12;0.375;MoveNorthEast;(9, 9);;(10, 3);1;3206
12;0.375;MoveNorthEast;(9, 9);;(10, 3);1;3207
12;0.375;MoveNorthEast;(9, 9);;(10, 3);1;3208
12;0.375;MoveNorthEast;(9, 9);;(10, 3);1;3209
12;0.375;MoveNorthEast;(9, 9);;(10, 3);1;3210
12;0.375;MoveNorthEast;(9, 9);;(10, 3);1;3211
12;0.375;MoveNorthEast;(9, 9);;(10, 3);1;3212
12;0.375;MoveNorthEast;(9, 9);;(10, 3);1;3213
12;0.375;MoveNorthEast;(10, 8);;(10, 3);1;3214
12;0.375;Idle;(10, 8);;(10, 3);1;3215
12;0.375;Idle;(10, 8);;(10, 3);1;3216
12;0.375;Idle;(10, 8);;(10, 3);1;3217
12;0.375;Idle;(10, 8);;(10, 3);1;3218
12;0.375;Idle;(10, 8);;(10, 3);1;3219
12;0.375;Idle;(10, 8);;(10, 3);1;3220
12;0.375;Idle;(10, 8);;(10, 3);1;3221
12;0.375;Idle;(10, 8);;(10, 3);1;3222
12;0.375;Idle;(10, 8);;(10, 3);1;3223
12;0.375;Idle;(10, 8);;(10, 3);1;3224
12;0.375;Idle;(10, 8);;(10, 3);1;3225
12;0.375;Idle;(10, 8);;(10, 3);1;3226
12;0.375;Idle;(10, 8);;(10, 3);1;3227
12;0.375;Idle;(10, 8);;(10, 3);1;3228
12;0.375;Idle;(10, 8);;(10, 3);1;3229
12;0.375;Idle;(10, 8);;(10, 3);1;3230
12;0.375;Idle;(10, 8);;(10, 3);1;3231
12;0.375;Idle;(10, 8);;(10, 3);1;3232
12;0.375;Idle;(10, 8);;(10, 3);1;3233
12;0.375;Idle;(10, 8);;(10, 3);1;3234
12;0.375;Idle;(10, 8);;(10, 3);1;3235
12;0.375;Idle;(10, 8);;(10, 3);1;3236
12;0.375;Idle;(10, 8);;(10, 3);1;3237
12;0.375;Idle;(10, 8);;(10, 3);1;3238
12;0.375;Idle;(10, 8);;(10, 3);1;3239
12;0.375;Idle;(10, 8);;(10, 3);1;3240
12;0.375;MoveNorthWest;(10, 8);;(10, 3);1;3241
12;0.375;MoveNorthWest;(10, 8);;(10, 3);1;3242
12;0.375;MoveNorthWest;(10, 8);;(10, 3);1;3243
12;0.375;MoveNorthWest;(10, 8);;(10, 3);1;3244
12;0.375;MoveNorthWest;(10, 8);;(10, 3);1;3245
12;0.375;MoveNorthWest;(10, 8);;(10, 3);1;3246
12;0.375;MoveNorthWest;(10, 8);;(10, 3);1;3247
12;0.375;MoveNorthWest;(10, 8);;(10, 3);1;3248
12;0.375;MoveNorthWest;(9, 7);;(10, 3);1;3249
12;0.375;MoveNorthWest;(9, 7);;(10, 3);1;3250
12;0.375;MoveNorthWest;(9, 7);;(10, 3);1;3251
12;0.375;MoveNorthWest;(9, 7);;(10, 3);1;3252
12;0.375;MoveNorthWest;(9, 7);;(10, 3);1;3253
12;0.375;MoveNorthWest;(9, 7);;(10, 3);1;3254
12;0.375;MoveNorthWest;(9, 7);;(10, 3);1;3255
12;0.375;MoveNorthWest;(9, 7);;(10, 3);1;3256
12;0.375;MoveNorthWest;(9, 7);;(10, 3);1;3257
12;0.375;MoveNorthWest;(8, 6);;(10, 3);1;3258
12;0.375;MoveWest;(8, 6);;(10, 3);1;3259
12;0.375;MoveWest;(8, 6);;(10, 3);1;3260
12;0.375;MoveWest;(8, 6);;(10, 3);1;3261
12;0.375;MoveWest;(8, 6);;(10, 3);1;3262
12;0.375;MoveWest;(8, 6);;(10, 3);1;3263
12;0.375;MoveWest;(8, 6);;(10, 3);1;3264
12;0.375;MoveWest;(8, 6);;(10, 3);1;3265
12;0.375;MoveWest;(8, 6);;(10, 3);1;3266
12;0.375;MoveWest;(7, 6);;(10, 3);1;3267
12;0.375;MoveSouthWest;(7, 6);;(10, 3);1;3268
12;0.375;MoveSouthWest;(7, 6);;(10, 3);1;3269
12;0.375;MoveSouthWest;(7, 6);;(10, 3);1;3270
12;0.375;MoveSouthWest;(7, 6);;(10, 3);1;3271
12;0.375;MoveSouthWest;(7, 6);;(10, 3);1;3272
12;0.375;MoveSouthWest;(7, 6);;(10, 3);1;3273
12;0.375;MoveSouthWest;(7, 6);;(10, 3);1;3274
12;0.375;MoveSouthWest;(7, 6);;(10, 3);1;3275
12;0.375;MoveSouthWest;(6, 7);;(10, 3);1;3276
12;0.375;MoveSouth;(6, 7);;(10, 3);1;3277
12;0.375;MoveSouth;(6, 7);;(10, 3);1;3278
12;0.375;MoveSouth;(6, 7);;(10, 3);1;3279
12;0.375;MoveSouth;(6, 7);;(10, 3);1;3280
12;0.375;MoveSouth;(6, 7);;(10, 3);1;3281
12;0.375;MoveSouth;(6, 7);;(10, 3);1;3282
12;0.375;MoveSouth;(6, 7);;(10, 3);1;3283
12;0.375;MoveSouth;(6, 7);;(10, 3);1;3284
12;0.375;MoveSouth;(6, 8);;(10, 3);1;3285
12;0.375;MoveSouth;(6, 8);;(10, 3);1;3286
12;0.375;MoveSouth;(6, 8);;(10, 3);1;3287
12;0.375;MoveSouth;(6, 8);;(10, 3);1;3288
12;0.375;MoveSouth;(6, 8);;(10, 3);1;3289
12;0.375;MoveSouth;(6, 8);;(10, 3);1;3290
12;0.375;MoveSouth;(6, 8);;(10, 3);1;3291
12;0.375;MoveSouth;(6, 8);;(10, 3);1;3292
12;0.375;MoveSouth;(6, 8);;(10, 3);1;3293
12;0.375;MoveSouth;(6, 9);;(10, 3);1;3294
12;0.375;MoveSouth;(6, 9);;(10, 3);1;3295
12;0.375;MoveSouth;(6, 9);;(10, 3);1;3296
12;0.375;MoveSouth;(6, 9);;(10, 3);1;3297
12;0.375;MoveSouth;(6, 9);;(10, 3);1;3298
12;0.375;MoveSouth;(6, 9);;(10, 3);1;3299
12;0.375;MoveSouth;(6, 9);;(10, 3);1;3300
12;0.375;MoveSouth;(6, 9);;(10, 3);1;3301
12;0.375;MoveSouth;(6, 9);;(10, 3);1;3302
12;0.375;MoveSouth;(6, 10);;(10, 3);1;3303
12;0.375;MoveSouth;(6, 10);;(10, 3);1;3304
12;0.375;MoveSouth;(6, 10);;(10, 3);1;3305
12;0.375;MoveSouth;(6, 10);;(10, 3);1;3306
12;0.375;MoveSouth;(6, 10);;(10, 3);1;3307
12;0.375;MoveSouth;(6, 10);;(10, 3);1;3308
12;0.375;MoveSouth;(6, 10);MoveWest;(9, 3);1;3309
12;0.375;MoveSouth;(6, 10);;(9, 3);1;3310
12;0.375;MoveSouth;(6, 10);;(9, 3);1;3311
12;0.375;MoveSouth;(6, 11);;(9, 3);1;3312
12;0.375;MoveSouth;(6, 11);;(9, 3);1;3313
12;0.375;MoveSouth;(6, 11);;(9, 3);1;3314
12;0.375;MoveSouth;(6, 11);;(9, 3);1;3315
12;0.375;MoveSouth;(6, 11);MoveSouth;(9, 4);1;3316
12;0.375;MoveSouth;(6, 11);;(9, 4);1;3317
12;0.375;MoveSouth;(6, 11);;(9, 4);1;3318
12;0.375;MoveSouth;(6, 11);;(9, 4);1;3319
12;0.375;MoveSouth;(6, 11);;(9, 4);1;3320
12;0.375;MoveSouth;(6, 12);;(9, 4);1;3321
12;0.375;MoveSouth;(6, 12);;(9, 4);1;3322
12;0.375;MoveSouth;(6, 12);;(9, 4);1;3323
12;0.375;MoveSouth;(6, 12);;(9, 4);1;3324
12;0.375;MoveSouth;(6, 12);;(9, 4);1;3325
12;0.375;MoveSouth;(6, 12);;(9, 4);1;3326
12;0.375;MoveSouth;(6, 12);;(9, 4);1;3327
12;0.375;MoveSouth;(6, 12);;(9, 4);1;3328
12;0.375;MoveSouth;(6, 12);MoveSouth;(9, 5);1;3329
12;0.375;MoveSouth;(6, 12);;(9, 5);1;3330
12;0.375;MoveSouth;(6, 12);;(9, 5);1;3331
12;0.375;MoveSouth;(6, 12);;(9, 5);1;3332
12;0.375;MoveSouth;(6, 12);;(9, 5);1;3333
12;0.375;MoveSouth;(6, 12);;(9, 5);1;3334
12;0.375;MoveSouth;(6, 13);;(9, 5);1;3335
12;0.375;MoveSouth;(6, 13);;(9, 5);1;3336
12;0.375;MoveSouth;(6, 13);;(9, 5);1;3337
12;0.375;MoveSouth;(6, 13);;(9, 5);1;3338
12;0.375;MoveSouth;(6, 13);;(9, 5);1;3339
12;0.375;MoveSouth;(6, 13);;(9, 5);1;3340
12;0.375;MoveSouth;(6, 13);;(9, 5);1;3341
12;0.375;MoveSouth;(6, 13);;(9, 5);1;3342
12;0.375;MoveSouth;(6, 13);;(9, 5);1;3343
12;0.375;MoveSouth;(6, 13);;(9, 5);1;3344
12;0.375;MoveSouth;(6, 13);;(9, 5);1;3345
12;0.375;MoveSouth;(6, 13);;(9, 5);1;3346
12;0.375;MoveSouth;(6, 13);;(9, 5);1;3347
12;0.375;MoveSouth;(6, 13);;(9, 5);1;3348
12;0.375;MoveSouth;(6, 14);;(9, 5);1;3349
12;0.375;MoveSouth;(6, 14);;(9, 5);1;3350
12;0.375;MoveSouth;(6, 14);;(9, 5);1;3351
12;0.375;MoveSouth;(6, 14);;(9, 5);1;3352
12;0.375;MoveSouth;(6, 14);;(9, 5);1;3353
12;0.375;MoveSouth;(6, 14);;(9, 5);1;3354
12;0.375;MoveSouth;(6, 14);;(9, 5);1;3355
12;0.375;MoveSouth;(6, 14);;(9, 5);1;3356
12;0.375;MoveSouth;(6, 14);;(9, 5);1;3357
12;0.375;MoveSouth;(6, 14);;(9, 5);1;3358
12;0.375;MoveSouth;(6, 14);MoveWest;(8, 5);1;3359
12;0.375;MoveSouth;(6, 14);;(8, 5);1;3360
12;0.375;MoveSouth;(6, 14);;(8, 5);1;3361
12;0.375;MoveSouth;(6, 14);;(8, 5);1;3362
12;0.375;MoveSouth;(6, 15);;(8, 5);1;3363
12;0.375;MoveSouth;(6, 15);;(8, 5);1;3364
12;0.375;MoveSouth;(6, 15);;(8, 5);1;3365
12;0.375;MoveSouth;(6, 15);;(8, 5);1;3366
12;0.375;MoveSouth;(6, 15);;(8, 5);1;3367
12;0.375;MoveSouth;(6, 15);;(8, 5);1;3368
12;0.375;MoveSouth;(6, 15);;(8, 5);1;3369
12;0.375;MoveSouth;(6, 15);;(8, 5);1;3370
12;0.375;MoveSouth;(6, 15);MoveWest;(8, 5);1;3371
12;0.375;MoveSouth;(6, 15);MoveWest;(8, 5);1;3372
12;0.375;MoveSouth;(6, 15);MoveWest;(8, 5);1;3373
12;0.375;MoveSouth;(6, 15);MoveWest;(8, 5);1;3374
12;0.375;MoveSouth;(6, 15);MoveWest;(8, 5);1;3375
12;0.375;MoveSouth;(6, 15);MoveWest;(7, 5);1;3376
12;0.375;MoveSouth;(6, 16);;(7, 5);1;3377
12;0.375;MoveSouthEast;(6, 16);;(7, 5);1;3378
12;0.375;MoveSouthEast;(6, 16);;(7, 5);1;3379
12;0.375;MoveSouthEast;(6, 16);;(7, 5);1;3380
12;0.375;MoveSouthEast;(6, 16);;(7, 5);1;3381
12;0.375;MoveSouthEast;(6, 16);;(7, 5);1;3382
12;0.375;MoveSouthEast;(6, 16);;(7, 5);1;3383
12;0.375;MoveSouthEast;(6, 16);MoveWest;(7, 5);1;3384
12;0.375;MoveSouthEast;(6, 16);MoveWest;(7, 5);1;3385
12;0.375;MoveSouthEast;(6, 16);MoveWest;(7, 5);1;3386
12;0.375;MoveSouthEast;(6, 16);MoveWest;(7, 5);1;3387
12;0.375;MoveSouthEast;(6, 16);MoveWest;(7, 5);1;3388
12;0.375;MoveSouthEast;(6, 16);MoveWest;(6, 5);1;3389
12;0.375;MoveSouthEast;(6, 16);;(6, 5);1;3390
12;0.375;MoveSouthEast;(7, 17);;(6, 5);1;3391
12;0.375;MoveEast;(7, 17);;(6, 5);1;3392
12;0.375;MoveEast;(7, 17);;(6, 5);1;3393
12;0.375;MoveEast;(7, 17);;(6, 5);1;3394
12;0.375;MoveEast;(7, 17);MoveSouth;(6, 5);1;3395
12;0.375;MoveEast;(7, 17);MoveSouth;(6, 5);1;3396
12;0.375;MoveEast;(7, 17);MoveSouth;(6, 5);1;3397
12;0.375;MoveEast;(7, 17);MoveSouth;(6, 5);1;3398
12;0.375;MoveEast;(7, 17);MoveSouth;(6, 5);1;3399
12;0.375;MoveEast;(7, 17);MoveSouth;(6, 6);1;3400
12;0.375;MoveEast;(7, 17);;(6, 6);1;3401
12;0.375;MoveEast;(7, 17);;(6, 6);1;3402
12;0.375;MoveEast;(7, 17);;(6, 6);1;3403
12;0.375;MoveEast;(7, 17);;(6, 6);1;3404
12;0.375;MoveEast;(8, 17);;(6, 6);1;3405
12;0.375;MoveEast;(8, 17);MoveSouth;(6, 7);1;3406
12;0.375;MoveEast;(8, 17);;(6, 7);1;3407
12;0.375;MoveEast;(8, 17);MoveSouth;(6, 8);1;3408
12;0.375;MoveEast;(8, 17);;(6, 8);1;3409
12;0.375;MoveEast;(8, 17);;(6, 8);1;3410
12;0.375;MoveEast;(8, 17);;(6, 8);1;3411
12;0.375;MoveEast;(8, 17);;(6, 8);1;3412
12;0.375;MoveEast;(8, 17);MoveSouth;(6, 9);1;3413
12;0.375;MoveEast;(8, 17);;(6, 9);1;3414
12;0.375;MoveEast;(8, 17);;(6, 9);1;3415
12;0.375;MoveEast;(8, 17);;(6, 9);1;3416
12;0.375;MoveEast;(8, 17);MoveSouth;(6, 10);1;3417
12;0.375;MoveEast;(8, 17);;(6, 10);1;3418
12;0.375;MoveEast;(9, 17);;(6, 10);1;3419
12;0.375;;(9, 17);;(6, 10);1;3420
12;0.375;;(9, 17);MoveSouth;(6, 11);1;3421
12;0.375;;(9, 17);;(6, 11);1;3422
12;0.375;;(9, 17);MoveSouth;(6, 12);1;3423
12;0.375;;(9, 17);MoveSouth;(6, 12);1;3424
12;0.375;;(9, 17);MoveSouth;(6, 12);1;3425
12;0.375;;(9, 17);MoveSouth;(6, 12);1;3426
12;0.375;;(9, 17);MoveSouth;(6, 12);1;3427
12;0.375;;(9, 17);MoveSouth;(6, 12);1;3428
12;0.375;;(9, 17);MoveSouth;(6, 13);1;3429
12;0.375;;(9, 17);MoveSouth;(6, 13);1;3430
12;0.375;;(9, 17);MoveSouth;(6, 13);1;3431
12;0.375;;(9, 17);MoveSouth;(6, 13);1;3432
12;0.375;;(9, 17);MoveSouth;(6, 13);1;3433
12;0.375;;(9, 17);MoveSouth;(6, 13);1;3434
12;0.375;;(9, 17);MoveSouth;(6, 14);1;3435
12;0.375;;(9, 17);;(6, 14);1;3436
12;0.375;;(9, 17);;(6, 14);1;3437
12;0.375;;(9, 17);;(6, 14);1;3438
12;0.375;;(9, 17);;(6, 14);1;3439
12;0.375;;(9, 17);;(6, 14);1;3440
12;0.375;;(9, 17);;(6, 14);1;3441
12;0.375;;(9, 17);;(6, 14);1;3442
12;0.375;;(9, 17);;(6, 14);1;3443
12;0.375;;(9, 17);;(6, 14);1;3444
12;0.375;;(9, 17);;(6, 14);1;3445
12;0.375;;(9, 17);;(6, 14);1;3446
12;0.375;;(9, 17);;(6, 14);1;3447
12;0.375;;(9, 17);;(6, 14);1;3448
12;0.375;;(9, 17);;(6, 14);1;3449
12;0.375;;(9, 17);;(6, 14);1;3450
12;0.375;;(9, 17);;(6, 14);1;3451
12;0.375;;(9, 17);;(6, 14);1;3452
12;0.375;RemoveObject;(9, 17);;(6, 14);1;3453
12;0.375;RemoveObject;(9, 17);;(6, 14);1;3454
12;0.375;RemoveObject;(9, 17);;(6, 14);1;3455
12;0.375;RemoveObject;(9, 17);;(6, 14);1;3456
12;0.375;RemoveObject;(9, 17);;(6, 14);1;3457
12;0.375;RemoveObject;(9, 17);;(6, 14);1;3458
12;0.375;RemoveObject;(9, 17);;(6, 14);1;3459
12;0.375;RemoveObject;(9, 17);;(6, 14);1;3460
12;0.375;RemoveObject;(9, 17);;(6, 14);1;3461
12;0.375;RemoveObject;(9, 17);;(6, 14);1;3462
12;0.375;RemoveObject;(9, 17);;(6, 14);1;3463
12;0.375;RemoveObject;(9, 17);;(6, 14);1;3464
12;0.375;RemoveObject;(9, 17);;(6, 14);1;3465
12;0.375;RemoveObject;(9, 17);MoveSouth;(6, 14);1;3466
12;0.375;RemoveObject;(9, 17);MoveSouth;(6, 14);1;3467
12;0.375;RemoveObject;(9, 17);MoveSouth;(6, 14);1;3468
12;0.375;RemoveObject;(9, 17);MoveSouth;(6, 14);1;3469
12;0.375;RemoveObject;(9, 17);MoveSouth;(6, 14);1;3470
12;0.375;RemoveObject;(9, 17);MoveSouth;(6, 15);1;3471
12;0.375;RemoveObject;(9, 17);;(6, 15);1;3472
12;0.375;RemoveObject;(9, 17);;(6, 15);1;3473
12;0.375;RemoveObject;(9, 17);;(6, 15);1;3474
12;0.375;RemoveObject;(9, 17);;(6, 15);1;3475
12;0.375;RemoveObject;(9, 17);;(6, 15);1;3476
12;0.375;RemoveObject;(9, 17);;(6, 15);1;3477
12;0.375;RemoveObject;(9, 17);MoveSouth;(6, 15);1;3478
12;0.375;RemoveObject;(9, 17);MoveSouth;(6, 15);1;3479
12;0.375;RemoveObject;(9, 17);MoveSouth;(6, 15);1;3480
12;0.375;RemoveObject;(9, 17);MoveSouth;(6, 15);1;3481
12;0.375;RemoveObject;(9, 17);MoveSouth;(6, 15);1;3482
12;0.375;RemoveObject;(9, 17);MoveSouth;(6, 16);1;3483
12;0.375;RemoveObject;(9, 17);;(6, 16);1;3484
12;0.375;RemoveObject;(9, 17);;(6, 16);1;3485
12;0.375;RemoveObject;(9, 17);;(6, 16);1;3486
12;0.375;RemoveObject;(9, 17);;(6, 16);1;3487
12;0.375;RemoveObject;(9, 17);MoveSouth;(6, 16);1;3488
12;0.375;RemoveObject;(9, 17);MoveSouth;(6, 16);1;3489
12;0.375;RemoveObject;(9, 17);MoveSouth;(6, 16);1;3490
12;0.375;RemoveObject;(9, 17);MoveSouth;(6, 16);1;3491
12;0.375;RemoveObject;(9, 17);MoveSouth;(6, 16);1;3492
12;0.375;RemoveObject;(9, 17);MoveSouth;(6, 17);1;3493
12;0.375;RemoveObject;(9, 17);;(6, 17);1;3494
12;0.375;RemoveObject;(9, 17);;(6, 17);1;3495
12;0.375;RemoveObject;(9, 17);;(6, 17);1;3496
12;0.375;RemoveObject;(9, 17);;(6, 17);1;3497
12;0.375;RemoveObject;(9, 17);;(6, 17);1;3498
12;0.375;RemoveObject;(9, 17);;(6, 17);1;3499
12;0.375;RemoveObject;(9, 17);;(6, 17);1;3500
12;0.375;RemoveObject;(9, 17);;(6, 17);1;3501
12;0.375;RemoveObject;(9, 17);MoveWest;(6, 17);1;3502
12;0.375;RemoveObject;(9, 17);MoveWest;(6, 17);1;3503
12;0.375;RemoveObject;(9, 17);MoveWest;(6, 17);1;3504
12;0.375;RemoveObject;(9, 17);MoveWest;(6, 17);1;3505
12;0.375;RemoveObject;(9, 17);MoveWest;(6, 17);1;3506
12;0.375;RemoveObject;(9, 17);MoveWest;(5, 17);1;3507
12;0.375;RemoveObject;(9, 17);;(5, 17);1;3508
12;0.375;RemoveObject;(9, 17);;(5, 17);1;3509
12;0.375;RemoveObject;(9, 17);;(5, 17);1;3510
12;0.375;RemoveObject;(9, 17);MoveWest;(5, 17);1;3511
12;0.375;RemoveObject;(9, 17);MoveWest;(5, 17);1;3512
12;0.375;RemoveObject;(9, 17);MoveWest;(5, 17);1;3513
12;0.375;RemoveObject;(9, 17);MoveWest;(5, 17);1;3514
12;0.375;RemoveObject;(9, 17);MoveWest;(5, 17);1;3515
12;0.375;RemoveObject;(9, 17);MoveWest;(4, 17);1;3516
12;0.375;RemoveObject;(9, 17);;(4, 17);1;3517
12;0.375;RemoveObject;(9, 17);MoveWest;(4, 17);1;3518
12;0.375;RemoveObject;(9, 17);MoveWest;(4, 17);1;3519
12;0.375;RemoveObject;(9, 17);MoveWest;(4, 17);1;3520
12;0.375;RemoveObject;(9, 17);MoveWest;(4, 17);1;3521
12;0.375;RemoveObject;(9, 17);MoveWest;(4, 17);1;3522
12;0.375;RemoveObject;(9, 17);MoveWest;(3, 17);1;3523
12;0.375;RemoveObject;(9, 17);MoveWest;(2, 17);1;3524
12;0.375;RemoveObject;(9, 17);;(2, 17);1;3525
12;0.375;RemoveObject;(9, 17);;(2, 17);1;3526
12;0.375;RemoveObject;(9, 17);;(2, 17);1;3527
12;0.375;RemoveObject;(9, 17);;(2, 17);1;3528
12;0.375;RemoveObject;(9, 17);;(2, 17);1;3529
12;0.375;RemoveObject;(9, 17);;(2, 17);1;3530
12;0.375;RemoveObject;(9, 17);MoveSouth;(2, 17);1;3531
12;0.375;RemoveObject;(9, 17);MoveSouth;(2, 17);1;3532
12;0.375;RemoveObject;(9, 17);MoveSouth;(2, 17);1;3533
12;0.375;RemoveObject;(9, 17);MoveSouth;(2, 17);1;3534
12;0.375;RemoveObject;(9, 17);MoveSouth;(2, 17);1;3535
12;0.375;RemoveObject;(9, 17);MoveSouth;(2, 18);1;3536
12;0.375;RemoveObject;(9, 17);MoveEast;(3, 18);1;3537
12;0.375;RemoveObject;(9, 17);;(3, 18);1;3538
12;0.375;RemoveObject;(9, 17);;(3, 18);1;3539
12;0.375;RemoveObject;(9, 17);;(3, 18);1;3540
12;0.375;RemoveObject;(9, 17);;(3, 18);1;3541
12;0.375;RemoveObject;(9, 17);;(3, 18);1;3542
12;0.375;RemoveObject;(9, 17);;(3, 18);1;3543
12;0.375;RemoveObject;(9, 17);;(3, 18);1;3544
12;0.375;RemoveObject;(9, 17);;(3, 18);1;3545
12;0.375;RemoveObject;(9, 17);;(3, 18);1;3546
12;0.375;RemoveObject;(9, 17);;(3, 18);1;3547
12;0.375;RemoveObject;(9, 17);;(3, 18);1;3548
12;0.375;RemoveObject;(9, 17);;(3, 18);1;3549
12;0.375;RemoveObject;(9, 17);;(3, 18);1;3550
12;0.375;RemoveObject;(9, 17);;(3, 18);1;3551
12;0.375;RemoveObject;(9, 17);;(3, 18);1;3552
12;0.375;RemoveObject;(9, 17);;(3, 18);1;3553
12;0.375;MoveNorth;(9, 17);;(3, 18);1;3554
12;0.375;MoveNorth;(9, 17);MoveSouth;(3, 19);1;3555
12;0.375;MoveNorth;(9, 17);;(3, 19);1;3556
12;0.375;MoveNorth;(9, 17);;(3, 19);1;3557
12;0.375;MoveNorth;(9, 17);;(3, 19);1;3558
12;0.375;MoveNorth;(9, 17);;(3, 19);1;3559
12;0.375;MoveNorth;(9, 17);;(3, 19);1;3560
12;0.375;MoveNorth;(9, 17);;(3, 19);1;3561
12;0.375;MoveNorth;(9, 16);;(3, 19);1;3562
12;0.375;MoveNorthWest;(9, 16);MoveSouth;(3, 20);1;3563
12;0.375;MoveNorthWest;(9, 16);;(3, 20);1;3564
12;0.375;MoveNorthWest;(9, 16);;(3, 20);1;3565
12;0.375;MoveNorthWest;(9, 16);;(3, 20);1;3566
12;0.375;MoveNorthWest;(9, 16);;(3, 20);1;3567
12;0.375;MoveNorthWest;(9, 16);;(3, 20);1;3568
12;0.375;MoveNorthWest;(9, 16);;(3, 20);1;3569
12;0.375;MoveNorthWest;(9, 16);;(3, 20);1;3570
12;0.375;MoveNorthWest;(8, 15);;(3, 20);1;3571
12;0.375;MoveNorth;(8, 15);;(3, 20);1;3572
12;0.375;MoveNorth;(8, 15);;(3, 20);1;3573
12;0.375;MoveNorth;(8, 15);;(3, 20);1;3574
12;0.375;MoveNorth;(8, 15);;(3, 20);1;3575
12;0.375;MoveNorth;(8, 15);;(3, 20);1;3576
12;0.375;MoveNorth;(8, 15);;(3, 20);1;3577
12;0.375;MoveNorth;(8, 15);;(3, 20);1;3578
12;0.375;MoveNorth;(8, 15);;(3, 20);1;3579
12;0.375;MoveNorth;(8, 14);;(3, 20);1;3580
12;0.375;MoveSouthEast;(8, 14);;(3, 20);1;3581
12;0.375;MoveSouthEast;(8, 14);;(3, 20);1;3582
12;0.375;MoveSouthEast;(8, 14);;(3, 20);1;3583
12;0.375;MoveSouthEast;(8, 14);;(3, 20);1;3584
12;0.375;MoveSouthEast;(8, 14);;(3, 20);1;3585
12;0.375;MoveSouthEast;(8, 14);;(3, 20);1;3586
12;0.375;MoveSouthEast;(8, 14);;(3, 20);1;3587
12;0.375;MoveSouthEast;(8, 14);;(3, 20);1;3588
12;0.375;MoveSouthEast;(9, 15);;(3, 20);1;3589
12;0.375;MoveNorthEast;(9, 15);;(3, 20);1;3590
12;0.375;MoveNorthEast;(9, 15);;(3, 20);1;3591
12;0.375;MoveNorthEast;(9, 15);;(3, 20);1;3592
12;0.375;MoveNorthEast;(9, 15);;(3, 20);1;3593
12;0.375;MoveNorthEast;(9, 15);;(3, 20);1;3594
12;0.375;MoveNorthEast;(9, 15);;(3, 20);1;3595
12;0.375;MoveNorthEast;(9, 15);;(3, 20);1;3596
12;0.375;MoveNorthEast;(9, 15);;(3, 20);1;3597
12;0.375;MoveNorthEast;(10, 14);;(3, 20);1;3598
12;0.375;;(10, 14);;(3, 20);1;3599
12;0.375;;(10, 14);;(3, 20);1;3600
12;0.375;;(10, 14);;(3, 20);1;3601
12;0.375;;(10, 14);;(3, 20);1;3602
12;0.375;;(10, 14);;(3, 20);1;3603
12;0.375;;(10, 14);;(3, 20);1;3604
12;0.375;;(10, 14);;(3, 20);1;3605
12;0.375;;(10, 14);;(3, 20);1;3606
12;0.375;;(10, 14);;(3, 20);1;3607
12;0.375;;(10, 14);;(3, 20);1;3608
12;0.375;;(10, 14);;(3, 20);1;3609
12;0.375;;(10, 14);;(3, 20);1;3610
12;0.375;;(10, 14);;(3, 20);1;3611
12;0.375;;(10, 14);;(3, 20);1;3612
12;0.375;;(10, 14);;(3, 20);1;3613
12;0.375;;(10, 14);;(3, 20);1;3614
12;0.375;;(10, 14);;(3, 20);1;3615
12;0.375;;(10, 14);;(3, 20);1;3616
12;0.375;;(10, 14);;(3, 20);1;3617
12;0.375;;(10, 14);;(3, 20);1;3618
12;0.375;;(10, 14);;(3, 20);1;3619
12;0.375;;(10, 14);;(3, 20);1;3620
12;0.375;;(10, 14);;(3, 20);1;3621
12;0.375;;(10, 14);;(3, 20);1;3622
12;0.375;;(10, 14);;(3, 20);1;3623
12;0.375;;(10, 14);;(3, 20);1;3624
12;0.375;;(10, 14);;(3, 20);1;3625
12;0.375;;(10, 14);;(3, 20);1;3626
12;0.375;;(10, 14);;(3, 20);1;3627
12;0.375;;(10, 14);;(3, 20);1;3628
12;0.375;;(10, 14);;(3, 20);1;3629
12;0.375;;(10, 14);;(3, 20);1;3630
12;0.375;;(10, 14);;(3, 20);1;3631
12;0.375;;(10, 14);;(3, 20);1;3632
12;0.375;;(10, 14);;(3, 20);1;3633
12;0.375;;(10, 14);;(3, 20);1;3634
12;0.375;;(10, 14);;(3, 20);1;3635
12;0.375;;(10, 14);;(3, 20);1;3636
12;0.375;;(10, 14);;(3, 20);1;3637
12;0.375;;(10, 14);;(3, 20);1;3638
12;0.375;;(10, 14);;(3, 20);1;3639
12;0.375;;(10, 14);;(3, 20);1;3640
12;0.375;;(10, 14);;(3, 20);1;3641
12;0.375;;(10, 14);;(3, 20);1;3642
12;0.375;;(10, 14);;(3, 20);1;3643
12;0.375;;(10, 14);;(3, 20);1;3644
12;0.375;;(10, 14);;(3, 20);1;3645
12;0.375;;(10, 14);;(3, 20);1;3646
12;0.375;;(10, 14);;(3, 20);1;3647
12;0.375;;(10, 14);;(3, 20);1;3648
12;0.375;;(10, 14);;(3, 20);1;3649
12;0.375;;(10, 14);;(3, 20);1;3650
12;0.375;;(10, 14);;(3, 20);1;3651
12;0.375;;(10, 14);;(3, 20);1;3652
12;0.375;;(10, 14);;(3, 20);1;3653
12;0.375;;(10, 14);;(3, 20);1;3654
12;0.375;;(10, 14);;(3, 20);1;3655
12;0.375;;(10, 14);;(3, 20);1;3656
12;0.375;;(10, 14);;(3, 20);1;3657
12;0.375;;(10, 14);;(3, 20);1;3658
12;0.375;;(10, 14);;(3, 20);1;3659
12;0.375;;(10, 14);;(3, 20);1;3660
12;0.375;;(10, 14);;(3, 20);1;3661
12;0.375;;(10, 14);;(3, 20);1;3662
12;0.375;;(10, 14);;(3, 20);1;3663
12;0.375;;(10, 14);;(3, 20);1;3664
12;0.375;;(10, 14);;(3, 20);1;3665
12;0.375;;(10, 14);;(3, 20);1;3666
12;0.375;;(10, 14);;(3, 20);1;3667
12;0.375;;(10, 14);;(3, 20);1;3668
12;0.375;;(10, 14);;(3, 20);1;3669
12;0.375;;(10, 14);;(3, 20);1;3670
12;0.375;;(10, 14);;(3, 20);1;3671
12;0.375;;(10, 14);MoveSouth;(3, 21);1;3672
12;0.375;;(10, 14);;(3, 21);1;3673
12;0.375;;(10, 14);;(3, 21);1;3674
12;0.375;;(10, 14);;(3, 21);1;3675
12;0.375;;(10, 14);;(3, 21);1;3676
12;0.375;;(10, 14);;(3, 21);1;3677
12;0.375;;(10, 14);;(3, 21);1;3678
12;0.375;;(10, 14);;(3, 21);1;3679
12;0.375;;(10, 14);;(3, 21);1;3680
12;0.375;;(10, 14);;(3, 21);1;3681
12;0.375;;(10, 14);;(3, 21);1;3682
12;0.375;;(10, 14);MoveEast;(4, 21);1;3683
12;0.375;;(10, 14);;(4, 21);1;3684
12;0.375;;(10, 14);;(4, 21);1;3685
12;0.375;;(10, 14);;(4, 21);1;3686
12;0.375;;(10, 14);;(4, 21);1;3687
12;0.375;;(10, 14);;(4, 21);1;3688
12;0.375;;(10, 14);;(4, 21);1;3689
12;0.375;;(10, 14);;(4, 21);1;3690
12;0.375;;(10, 14);;(4, 21);1;3691
12;0.375;;(10, 14);;(4, 21);1;3692
12;0.375;;(10, 14);;(4, 21);1;3693
12;0.375;;(10, 14);;(4, 21);1;3694
12;0.375;;(10, 14);;(4, 21);1;3695
12;0.375;;(10, 14);;(4, 21);1;3696
12;0.375;;(10, 14);;(4, 21);1;3697
12;0.375;;(10, 14);;(4, 21);1;3698
12;0.375;;(10, 14);;(4, 21);1;3699
12;0.375;;(10, 14);;(4, 21);1;3700
12;0.375;;(10, 14);CarryObject;(4, 21);1;3701
12;0.375;;(10, 14);;(4, 21);1;3702
12;0.375;;(10, 14);;(4, 21);1;3703
12;0.375;;(10, 14);;(4, 21);1;3704
12;0.375;;(10, 14);;(4, 21);1;3705
12;0.375;;(10, 14);;(4, 21);1;3706
12;0.375;;(10, 14);;(4, 21);1;3707
12;0.375;;(10, 14);;(4, 21);1;3708
12;0.375;;(10, 14);;(4, 21);1;3709
12;0.375;;(10, 14);;(4, 21);1;3710
12;0.375;;(10, 14);;(4, 21);1;3711
12;0.375;;(10, 14);;(4, 21);1;3712
12;0.375;;(10, 14);;(4, 21);1;3713
12;0.375;;(10, 14);;(4, 21);1;3714
12;0.375;;(10, 14);;(4, 21);1;3715
12;0.375;;(10, 14);;(4, 21);1;3716
12;0.375;;(10, 14);;(4, 21);1;3717
12;0.375;;(10, 14);;(4, 21);1;3718
12;0.375;;(10, 14);;(4, 21);1;3719
12;0.375;;(10, 14);;(4, 21);1;3720
12;0.375;Idle;(10, 14);;(4, 21);1;3721
12;0.375;Idle;(10, 14);;(4, 21);1;3722
12;0.375;Idle;(10, 14);;(4, 21);1;3723
12;0.375;Idle;(10, 14);;(4, 21);1;3724
12;0.375;Idle;(10, 14);;(4, 21);1;3725
12;0.375;Idle;(10, 14);;(4, 21);1;3726
12;0.375;Idle;(10, 14);;(4, 21);1;3727
12;0.375;Idle;(10, 14);;(4, 21);1;3728
12;0.375;Idle;(10, 14);;(4, 21);1;3729
12;0.375;Idle;(10, 14);;(4, 21);1;3730
12;0.375;Idle;(10, 14);;(4, 21);1;3731
12;0.375;Idle;(10, 14);;(4, 21);1;3732
12;0.375;Idle;(10, 14);;(4, 21);1;3733
12;0.375;Idle;(10, 14);;(4, 21);1;3734
12;0.375;Idle;(10, 14);;(4, 21);1;3735
12;0.375;Idle;(10, 14);;(4, 21);1;3736
12;0.375;Idle;(10, 14);;(4, 21);1;3737
12;0.375;Idle;(10, 14);;(4, 21);1;3738
12;0.375;Idle;(10, 14);;(4, 21);1;3739
12;0.375;Idle;(10, 14);;(4, 21);1;3740
12;0.375;Idle;(10, 14);;(4, 21);1;3741
12;0.375;Idle;(10, 14);MoveNorth;(4, 20);1;3742
12;0.375;Idle;(10, 14);;(4, 20);1;3743
12;0.375;Idle;(10, 14);;(4, 20);1;3744
12;0.375;Idle;(10, 14);;(4, 20);1;3745
12;0.375;Idle;(10, 14);;(4, 20);1;3746
12;0.375;MoveSouthWest;(10, 14);;(4, 20);1;3747
12;0.375;MoveSouthWest;(10, 14);;(4, 20);1;3748
12;0.375;MoveSouthWest;(10, 14);;(4, 20);1;3749
12;0.375;MoveSouthWest;(10, 14);;(4, 20);1;3750
12;0.375;MoveSouthWest;(10, 14);;(4, 20);1;3751
12;0.375;MoveSouthWest;(10, 14);;(4, 20);1;3752
12;0.375;MoveSouthWest;(10, 14);;(4, 20);1;3753
12;0.375;MoveSouthWest;(10, 14);;(4, 20);1;3754
12;0.375;MoveSouthWest;(9, 15);MoveWest;(3, 20);1;3755
12;0.375;MoveSouth;(9, 15);;(3, 20);1;3756
12;0.375;MoveSouth;(9, 15);;(3, 20);1;3757
12;0.375;MoveSouth;(9, 15);;(3, 20);1;3758
12;0.375;MoveSouth;(9, 15);;(3, 20);1;3759
12;0.375;MoveSouth;(9, 15);;(3, 20);1;3760
12;0.375;MoveSouth;(9, 15);;(3, 20);1;3761
12;0.375;MoveSouth;(9, 15);;(3, 20);1;3762
12;0.375;MoveSouth;(9, 15);;(3, 20);1;3763
12;0.375;MoveSouth;(9, 16);;(3, 20);1;3764
12;0.375;MoveSouthWest;(9, 16);;(3, 20);1;3765
12;0.375;MoveSouthWest;(9, 16);;(3, 20);1;3766
12;0.375;MoveSouthWest;(9, 16);;(3, 20);1;3767
12;0.375;MoveSouthWest;(9, 16);;(3, 20);1;3768
12;0.375;MoveSouthWest;(9, 16);;(3, 20);1;3769
12;0.375;MoveSouthWest;(9, 16);;(3, 20);1;3770
12;0.375;MoveSouthWest;(9, 16);;(3, 20);1;3771
12;0.375;MoveSouthWest;(9, 16);;(3, 20);1;3772
12;0.375;MoveSouthWest;(8, 17);MoveNorth;(3, 19);1;3773
12;0.375;MoveWest;(8, 17);;(3, 19);1;3774
12;0.375;MoveWest;(8, 17);;(3, 19);1;3775
12;0.375;MoveWest;(8, 17);;(3, 19);1;3776
12;0.375;MoveWest;(8, 17);;(3, 19);1;3777
12;0.375;MoveWest;(8, 17);;(3, 19);1;3778
12;0.375;MoveWest;(8, 17);;(3, 19);1;3779
12;0.375;MoveWest;(8, 17);MoveNorth;(3, 18);1;3780
12;0.375;MoveWest;(8, 17);;(3, 18);1;3781
12;0.375;MoveWest;(8, 17);;(3, 18);1;3782
12;0.375;MoveWest;(8, 17);;(3, 18);1;3783
12;0.375;MoveWest;(8, 17);;(3, 18);1;3784
12;0.375;MoveWest;(8, 17);;(3, 18);1;3785
12;0.375;MoveWest;(8, 17);;(3, 18);1;3786
12;0.375;MoveWest;(7, 17);;(3, 18);1;3787
12;0.375;MoveWest;(7, 17);;(3, 18);1;3788
12;0.375;MoveWest;(7, 17);;(3, 18);1;3789
12;0.375;MoveWest;(7, 17);;(3, 18);1;3790
12;0.375;MoveWest;(7, 17);;(3, 18);1;3791
12;0.375;MoveWest;(7, 17);MoveNorth;(3, 17);1;3792
12;0.375;MoveWest;(7, 17);;(3, 17);1;3793
12;0.375;MoveWest;(7, 17);MoveEast;(4, 17);1;3794
12;0.375;MoveWest;(7, 17);;(4, 17);1;3795
12;0.375;MoveWest;(7, 17);;(4, 17);1;3796
12;0.375;MoveWest;(7, 17);;(4, 17);1;3797
12;0.375;MoveWest;(7, 17);;(4, 17);1;3798
12;0.375;MoveWest;(7, 17);;(4, 17);1;3799
12;0.375;MoveWest;(7, 17);MoveEast;(4, 17);1;3800
12;0.375;MoveWest;(6, 17);MoveEast;(4, 17);1;3801
12;0.375;MoveWest;(6, 17);MoveEast;(4, 17);1;3802
12;0.375;MoveWest;(6, 17);MoveEast;(4, 17);1;3803
12;0.375;MoveWest;(6, 17);MoveEast;(4, 17);1;3804
12;0.375;MoveWest;(6, 17);MoveEast;(5, 17);1;3805
12;0.375;MoveWest;(6, 17);MoveEast;(5, 17);1;3806
12;0.375;MoveWest;(6, 17);MoveEast;(5, 17);1;3807
12;0.375;MoveWest;(6, 17);MoveEast;(5, 17);1;3808
12;0.375;MoveWest;(6, 17);MoveEast;(5, 17);1;3809
12;0.375;MoveWest;(6, 17);MoveEast;(5, 17);1;3810
12;0.375;MoveWest;(6, 17);MoveEast;(6, 17);1;3811
12;0.375;MoveWest;(6, 17);MoveEast;(6, 17);1;3812
12;0.375;MoveWest;(6, 17);MoveEast;(6, 17);1;3813
12;0.375;MoveWest;(6, 17);MoveEast;(6, 17);1;3814
12;0.375;MoveWest;(5, 17);MoveEast;(6, 17);1;3815
12;0.375;MoveWest;(5, 17);MoveEast;(6, 17);1;3816
12;0.375;MoveWest;(5, 17);MoveEast;(7, 17);1;3817
12;0.375;MoveWest;(5, 17);MoveEast;(7, 17);1;3818
12;0.375;MoveWest;(5, 17);MoveEast;(7, 17);1;3819
12;0.375;MoveWest;(5, 17);MoveEast;(7, 17);1;3820
12;0.375;MoveWest;(5, 17);MoveEast;(7, 17);1;3821
12;0.375;MoveWest;(5, 17);MoveEast;(7, 17);1;3822
12;0.375;MoveWest;(5, 17);MoveEast;(8, 17);1;3823
12;0.375;MoveWest;(5, 17);MoveEast;(8, 17);1;3824
12;0.375;MoveWest;(5, 17);MoveEast;(8, 17);1;3825
12;0.375;MoveWest;(5, 17);MoveEast;(8, 17);1;3826
12;0.375;MoveWest;(5, 17);MoveEast;(8, 17);1;3827
12;0.375;MoveWest;(5, 17);MoveEast;(8, 17);1;3828
12;0.375;MoveWest;(4, 17);MoveEast;(9, 17);1;3829
12;0.375;MoveSouthWest;(4, 17);MoveEast;(10, 17);1;3830
12;0.375;MoveSouthWest;(4, 17);;(10, 17);1;3831
12;0.375;MoveSouthWest;(4, 17);;(10, 17);1;3832
12;0.375;MoveSouthWest;(4, 17);MoveEast;(11, 17);1;3833
12;0.375;MoveSouthWest;(4, 17);;(11, 17);1;3834
12;0.375;MoveSouthWest;(4, 17);;(11, 17);1;3835
12;0.375;MoveSouthWest;(4, 17);;(11, 17);1;3836
12;0.375;MoveSouthWest;(4, 17);;(11, 17);1;3837
12;0.375;MoveSouthWest;(4, 17);MoveEast;(12, 17);1;3838
12;0.375;MoveSouthWest;(4, 17);;(12, 17);1;3839
12;0.375;MoveSouthWest;(4, 17);;(12, 17);1;3840
12;0.375;MoveSouthWest;(4, 17);;(12, 17);1;3841
12;0.375;MoveSouthWest;(4, 17);;(12, 17);1;3842
12;0.375;MoveSouthWest;(3, 18);MoveEast;(13, 17);1;3843
12;0.375;MoveSouth;(3, 18);;(13, 17);1;3844
12;0.375;MoveSouth;(3, 18);MoveEast;(14, 17);1;3845
12;0.375;MoveSouth;(3, 18);;(14, 17);1;3846
12;0.375;MoveSouth;(3, 18);;(14, 17);1;3847
12;0.375;MoveSouth;(3, 18);;(14, 17);1;3848
12;0.375;MoveSouth;(3, 18);;(14, 17);1;3849
12;0.375;MoveSouth;(3, 18);MoveEast;(14, 17);1;3850
12;0.375;MoveSouth;(3, 18);MoveEast;(14, 17);1;3851
12;0.375;MoveSouth;(3, 19);MoveEast;(14, 17);1;3852
12;0.375;MoveSouthWest;(3, 19);MoveEast;(14, 17);1;3853
12;0.375;MoveSouthWest;(3, 19);MoveEast;(14, 17);1;3854
12;0.375;MoveSouthWest;(3, 19);MoveEast;(15, 17);1;3855
12;0.375;MoveSouthWest;(3, 19);MoveEast;(16, 17);1;3856
12;0.375;MoveSouthWest;(3, 19);;(16, 17);1;3857
12;0.375;MoveSouthWest;(3, 19);;(16, 17);1;3858
12;0.375;MoveSouthWest;(3, 19);;(16, 17);1;3859
12;0.375;MoveSouthWest;(3, 19);MoveEast;(16, 17);1;3860
12;0.375;MoveSouthWest;(2, 20);MoveEast;(16, 17);1;3861
12;0.375;MoveSouthEast;(2, 20);MoveEast;(16, 17);1;3862
12;0.375;MoveSouthEast;(2, 20);MoveEast;(16, 17);1;3863
12;0.375;MoveSouthEast;(2, 20);MoveEast;(16, 17);1;3864
12;0.375;MoveSouthEast;(2, 20);MoveEast;(17, 17);1;3865
12;0.375;MoveSouthEast;(2, 20);MoveEast;(17, 17);1;3866
12;0.375;MoveSouthEast;(2, 20);MoveEast;(17, 17);1;3867
12;0.375;MoveSouthEast;(2, 20);MoveEast;(17, 17);1;3868
12;0.375;MoveSouthEast;(2, 20);MoveEast;(17, 17);1;3869
12;0.375;MoveSouthEast;(3, 21);MoveEast;(17, 17);1;3870
12;0.375;MoveNorthEast;(3, 21);MoveEast;(18, 17);1;3871
12;0.375;MoveNorthEast;(3, 21);MoveEast;(18, 17);1;3872
12;0.375;MoveNorthEast;(3, 21);MoveEast;(18, 17);1;3873
12;0.375;MoveNorthEast;(3, 21);MoveEast;(18, 17);1;3874
12;0.375;MoveNorthEast;(3, 21);MoveEast;(18, 17);1;3875
12;0.375;MoveNorthEast;(3, 21);MoveEast;(18, 17);1;3876
12;0.375;MoveNorthEast;(3, 21);MoveEast;(19, 17);1;3877
12;0.375;MoveNorthEast;(3, 21);MoveEast;(19, 17);1;3878
12;0.375;MoveNorthEast;(4, 20);MoveEast;(19, 17);1;3879
12;0.375;Idle;(4, 20);MoveEast;(19, 17);1;3880
12;0.375;Idle;(4, 20);MoveEast;(19, 17);1;3881
12;0.375;Idle;(4, 20);MoveEast;(19, 17);1;3882
12;0.375;Idle;(4, 20);MoveEast;(20, 17);1;3883
12;0.375;Idle;(4, 20);MoveEast;(20, 17);1;3884
12;0.375;Idle;(4, 20);MoveEast;(20, 17);1;3885
12;0.375;Idle;(4, 20);MoveEast;(20, 17);1;3886
12;0.375;Idle;(4, 20);MoveEast;(20, 17);1;3887
12;0.375;Idle;(4, 20);MoveEast;(20, 17);1;3888
12;0.375;Idle;(4, 20);MoveEast;(21, 17);1;3889
12;0.375;Idle;(4, 20);;(21, 17);1;3890
12;0.375;Idle;(4, 20);;(21, 17);1;3891
12;0.375;Idle;(4, 20);;(21, 17);1;3892
12;0.375;Idle;(4, 20);MoveEast;(22, 17);1;3893
12;0.375;Idle;(4, 20);;(22, 17);1;3894
12;0.375;Idle;(4, 20);;(22, 17);1;3895
12;0.375;Idle;(4, 20);;(22, 17);1;3896
12;0.375;Idle;(4, 20);;(22, 17);1;3897
12;0.375;Idle;(4, 20);MoveEast;(23, 17);1;3898
12;0.375;Idle;(4, 20);;(23, 17);1;3899
12;0.375;Idle;(4, 20);;(23, 17);1;3900
12;0.375;Idle;(4, 20);;(23, 17);1;3901
12;0.375;Idle;(4, 20);;(23, 17);1;3902
12;0.375;Idle;(4, 20);;(23, 17);1;3903
12;0.375;Idle;(4, 20);;(23, 17);1;3904
12;0.375;Idle;(4, 20);;(23, 17);1;3905
12;0.375;MoveNorthWest;(4, 20);;(23, 17);1;3906
12;0.375;MoveNorthWest;(4, 20);;(23, 17);1;3907
12;0.375;MoveNorthWest;(4, 20);MoveNorth;(23, 16);1;3908
12;0.375;MoveNorthWest;(4, 20);;(23, 16);1;3909
12;0.375;MoveNorthWest;(4, 20);;(23, 16);1;3910
12;0.375;MoveNorthWest;(4, 20);;(23, 16);1;3911
12;0.375;MoveNorthWest;(4, 20);;(23, 16);1;3912
12;0.375;MoveNorthWest;(4, 20);;(23, 16);1;3913
12;0.375;MoveNorthWest;(3, 19);;(23, 16);1;3914
12;0.375;MoveNorth;(3, 19);;(23, 16);1;3915
12;0.375;MoveNorth;(3, 19);MoveNorth;(23, 15);1;3916
12;0.375;MoveNorth;(3, 19);;(23, 15);1;3917
12;0.375;MoveNorth;(3, 19);;(23, 15);1;3918
12;0.375;MoveNorth;(3, 19);;(23, 15);1;3919
12;0.375;MoveNorth;(3, 19);;(23, 15);1;3920
12;0.375;MoveNorth;(3, 19);;(23, 15);1;3921
12;0.375;MoveNorth;(3, 19);;(23, 15);1;3922
12;0.375;MoveNorth;(3, 18);;(23, 15);1;3923
12;0.375;MoveNorth;(3, 18);;(23, 15);1;3924
12;0.375;MoveNorth;(3, 18);;(23, 15);1;3925
12;0.375;MoveNorth;(3, 18);;(23, 15);1;3926
12;0.375;MoveNorth;(3, 18);;(23, 15);1;3927
12;0.375;MoveNorth;(3, 18);;(23, 15);1;3928
12;0.375;MoveNorth;(3, 18);;(23, 15);1;3929
12;0.375;MoveNorth;(3, 18);;(23, 15);1;3930
12;0.375;MoveNorth;(3, 18);;(23, 15);1;3931
12;0.375;MoveNorth;(3, 17);;(23, 15);1;3932
12;0.375;;(3, 17);;(23, 15);1;3933
12;0.375;;(3, 17);;(23, 15);1;3934
12;0.375;;(3, 17);;(23, 15);1;3935
12;0.375;;(3, 17);;(23, 15);1;3936
12;0.375;;(3, 17);;(23, 15);1;3937
12;0.375;;(3, 17);;(23, 15);1;3938
12;0.375;;(3, 17);;(23, 15);1;3939
12;0.375;;(3, 17);;(23, 15);1;3940
12;0.375;;(3, 17);;(23, 15);1;3941
12;0.375;;(3, 17);;(23, 15);1;3942
12;0.375;;(3, 17);;(23, 15);1;3943
12;0.375;;(3, 17);;(23, 15);1;3944
12;0.375;;(3, 17);;(23, 15);1;3945
12;0.375;;(3, 17);;(23, 15);1;3946
12;0.375;;(3, 17);;(23, 15);1;3947
12;0.375;;(3, 17);;(23, 15);1;3948
12;0.375;;(3, 17);;(23, 15);1;3949
12;0.375;;(3, 17);;(23, 15);1;3950
12;0.375;;(3, 17);;(23, 15);1;3951
12;0.375;;(3, 17);;(23, 15);1;3952
12;0.375;;(3, 17);;(23, 15);1;3953
12;0.375;;(3, 17);;(23, 15);1;3954
12;0.375;;(3, 17);;(23, 15);1;3955
12;0.375;;(3, 17);;(23, 15);1;3956
12;0.375;;(3, 17);;(23, 15);1;3957
12;0.375;;(3, 17);;(23, 15);1;3958
12;0.375;;(3, 17);;(23, 15);1;3959
12;0.375;;(3, 17);;(23, 15);1;3960
12;0.375;;(3, 17);;(23, 15);1;3961
12;0.375;;(3, 17);;(23, 15);1;3962
15;0.5;;(3, 17);Drop;(23, 15);1;3963
15;0.5;;(3, 17);;(23, 15);1;3964
15;0.5;;(3, 17);;(23, 15);1;3965
15;0.5;;(3, 17);;(23, 15);1;3966
15;0.5;;(3, 17);;(23, 15);1;3967
15;0.5;;(3, 17);;(23, 15);1;3968
15;0.5;;(3, 17);;(23, 15);1;3969
15;0.5;;(3, 17);;(23, 15);1;3970
15;0.5;;(3, 17);;(23, 15);1;3971
15;0.5;;(3, 17);;(23, 15);1;3972
15;0.5;;(3, 17);;(23, 15);1;3973
15;0.5;;(3, 17);;(23, 15);1;3974
15;0.5;;(3, 17);;(23, 15);1;3975
15;0.5;;(3, 17);;(23, 15);1;3976
15;0.5;;(3, 17);;(23, 15);1;3977
15;0.5;;(3, 17);;(23, 15);1;3978
15;0.5;;(3, 17);;(23, 15);1;3979
15;0.5;;(3, 17);;(23, 15);1;3980
15;0.5;;(3, 17);;(23, 15);1;3981
15;0.5;;(3, 17);;(23, 15);1;3982
15;0.5;;(3, 17);;(23, 15);1;3983
15;0.5;;(3, 17);;(23, 15);1;3984
15;0.5;;(3, 17);;(23, 15);1;3985
15;0.5;;(3, 17);;(23, 15);1;3986
15;0.5;;(3, 17);;(23, 15);1;3987
15;0.5;;(3, 17);;(23, 15);1;3988
15;0.5;;(3, 17);;(23, 15);1;3989
15;0.5;;(3, 17);;(23, 15);1;3990
15;0.5;;(3, 17);;(23, 15);1;3991
15;0.5;;(3, 17);;(23, 15);1;3992
15;0.5;;(3, 17);;(23, 15);1;3993
15;0.5;;(3, 17);;(23, 15);1;3994
15;0.5;;(3, 17);;(23, 15);1;3995
15;0.5;;(3, 17);;(23, 15);1;3996
15;0.5;;(3, 17);;(23, 15);1;3997
15;0.5;;(3, 17);;(23, 15);1;3998
15;0.5;;(3, 17);;(23, 15);1;3999
15;0.5;;(3, 17);;(23, 15);1;4000
15;0.5;;(3, 17);;(23, 15);1;4001
15;0.5;;(3, 17);;(23, 15);1;4002
15;0.5;;(3, 17);;(23, 15);1;4003
15;0.5;;(3, 17);;(23, 15);1;4004
15;0.5;;(3, 17);;(23, 15);1;4005
15;0.5;;(3, 17);;(23, 15);1;4006
15;0.5;;(3, 17);;(23, 15);1;4007
15;0.5;;(3, 17);;(23, 15);1;4008
15;0.5;;(3, 17);;(23, 15);1;4009
15;0.5;;(3, 17);;(23, 15);1;4010
15;0.5;;(3, 17);;(23, 15);1;4011
15;0.5;;(3, 17);MoveSouth;(23, 16);1;4012
15;0.5;;(3, 17);;(23, 16);1;4013
15;0.5;;(3, 17);;(23, 16);1;4014
15;0.5;;(3, 17);;(23, 16);1;4015
15;0.5;;(3, 17);;(23, 16);1;4016
15;0.5;;(3, 17);;(23, 16);1;4017
15;0.5;;(3, 17);;(23, 16);1;4018
15;0.5;;(3, 17);MoveSouth;(23, 17);1;4019
15;0.5;;(3, 17);;(23, 17);1;4020
15;0.5;;(3, 17);;(23, 17);1;4021
15;0.5;;(3, 17);;(23, 17);1;4022
15;0.5;;(3, 17);;(23, 17);1;4023
15;0.5;;(3, 17);;(23, 17);1;4024
15;0.5;;(3, 17);;(23, 17);1;4025
15;0.5;;(3, 17);;(23, 17);1;4026
15;0.5;;(3, 17);MoveWest;(22, 17);1;4027
15;0.5;;(3, 17);;(22, 17);1;4028
15;0.5;;(3, 17);;(22, 17);1;4029
15;0.5;;(3, 17);;(22, 17);1;4030
15;0.5;;(3, 17);;(22, 17);1;4031
15;0.5;;(3, 17);MoveWest;(21, 17);1;4032
15;0.5;;(3, 17);;(21, 17);1;4033
15;0.5;;(3, 17);;(21, 17);1;4034
15;0.5;;(3, 17);;(21, 17);1;4035
15;0.5;;(3, 17);;(21, 17);1;4036
15;0.5;;(3, 17);MoveWest;(20, 17);1;4037
15;0.5;;(3, 17);;(20, 17);1;4038
15;0.5;;(3, 17);;(20, 17);1;4039
15;0.5;;(3, 17);MoveWest;(20, 17);1;4040
15;0.5;;(3, 17);MoveWest;(20, 17);1;4041
15;0.5;;(3, 17);MoveWest;(20, 17);1;4042
15;0.5;;(3, 17);MoveWest;(20, 17);1;4043
15;0.5;;(3, 17);MoveWest;(20, 17);1;4044
15;0.5;;(3, 17);MoveWest;(19, 17);1;4045
15;0.5;;(3, 17);MoveWest;(19, 17);1;4046
15;0.5;;(3, 17);MoveWest;(19, 17);1;4047
15;0.5;;(3, 17);MoveWest;(19, 17);1;4048
15;0.5;;(3, 17);MoveWest;(19, 17);1;4049
15;0.5;;(3, 17);MoveWest;(19, 17);1;4050
15;0.5;;(3, 17);MoveWest;(18, 17);1;4051
15;0.5;;(3, 17);MoveWest;(18, 17);1;4052
15;0.5;;(3, 17);MoveWest;(18, 17);1;4053
15;0.5;;(3, 17);MoveWest;(18, 17);1;4054
15;0.5;;(3, 17);MoveWest;(18, 17);1;4055
15;0.5;;(3, 17);MoveWest;(18, 17);1;4056
15;0.5;;(3, 17);MoveWest;(17, 17);1;4057
15;0.5;;(3, 17);MoveWest;(17, 17);1;4058
15;0.5;;(3, 17);MoveWest;(17, 17);1;4059
15;0.5;;(3, 17);MoveWest;(17, 17);1;4060
15;0.5;;(3, 17);MoveWest;(17, 17);1;4061
15;0.5;;(3, 17);MoveWest;(17, 17);1;4062
15;0.5;;(3, 17);MoveWest;(16, 17);1;4063
15;0.5;;(3, 17);MoveWest;(16, 17);1;4064
15;0.5;;(3, 17);MoveWest;(16, 17);1;4065
15;0.5;;(3, 17);MoveWest;(16, 17);1;4066
15;0.5;;(3, 17);MoveWest;(16, 17);1;4067
15;0.5;;(3, 17);MoveWest;(16, 17);1;4068
15;0.5;;(3, 17);MoveWest;(15, 17);1;4069
15;0.5;;(3, 17);MoveWest;(14, 17);1;4070
15;0.5;;(3, 17);;(14, 17);1;4071
15;0.5;;(3, 17);MoveWest;(14, 17);1;4072
15;0.5;;(3, 17);MoveWest;(14, 17);1;4073
15;0.5;;(3, 17);MoveWest;(14, 17);1;4074
15;0.5;;(3, 17);MoveWest;(14, 17);1;4075
15;0.5;;(3, 17);MoveWest;(14, 17);1;4076
15;0.5;;(3, 17);MoveWest;(13, 17);1;4077
15;0.5;;(3, 17);MoveWest;(12, 17);1;4078
15;0.5;;(3, 17);MoveWest;(11, 17);1;4079
15;0.5;;(3, 17);;(11, 17);1;4080
15;0.5;;(3, 17);;(11, 17);1;4081
15;0.5;;(3, 17);MoveWest;(10, 17);1;4082
15;0.5;;(3, 17);;(10, 17);1;4083
15;0.5;;(3, 17);;(10, 17);1;4084
15;0.5;;(3, 17);MoveWest;(9, 17);1;4085
15;0.5;;(3, 17);;(9, 17);1;4086
15;0.5;;(3, 17);;(9, 17);1;4087
15;0.5;;(3, 17);MoveWest;(8, 17);1;4088
15;0.5;;(3, 17);;(8, 17);1;4089
15;0.5;;(3, 17);MoveWest;(8, 17);1;4090
15;0.5;;(3, 17);MoveWest;(8, 17);1;4091
15;0.5;;(3, 17);MoveWest;(8, 17);1;4092
15;0.5;;(3, 17);MoveWest;(8, 17);1;4093
15;0.5;;(3, 17);MoveWest;(8, 17);1;4094
15;0.5;;(3, 17);MoveWest;(7, 17);1;4095
15;0.5;;(3, 17);MoveWest;(7, 17);1;4096
15;0.5;;(3, 17);MoveWest;(7, 17);1;4097
15;0.5;;(3, 17);MoveWest;(7, 17);1;4098
15;0.5;;(3, 17);MoveWest;(7, 17);1;4099
15;0.5;;(3, 17);MoveWest;(7, 17);1;4100
15;0.5;;(3, 17);MoveWest;(6, 17);1;4101
15;0.5;;(3, 17);MoveWest;(6, 17);1;4102
15;0.5;;(3, 17);MoveWest;(6, 17);1;4103
15;0.5;;(3, 17);MoveWest;(6, 17);1;4104
15;0.5;;(3, 17);MoveWest;(6, 17);1;4105
15;0.5;;(3, 17);MoveWest;(6, 17);1;4106
15;0.5;;(3, 17);MoveWest;(5, 17);1;4107
15;0.5;;(3, 17);MoveWest;(5, 17);1;4108
15;0.5;;(3, 17);MoveWest;(5, 17);1;4109
15;0.5;;(3, 17);MoveWest;(5, 17);1;4110
15;0.5;;(3, 17);MoveWest;(5, 17);1;4111
15;0.5;;(3, 17);MoveWest;(5, 17);1;4112
15;0.5;;(3, 17);MoveWest;(4, 17);1;4113
15;0.5;;(3, 17);MoveWest;(4, 17);1;4114
15;0.5;;(3, 17);MoveWest;(4, 17);1;4115
15;0.5;;(3, 17);MoveWest;(4, 17);1;4116
15;0.5;;(3, 17);MoveWest;(4, 17);1;4117
15;0.5;;(3, 17);MoveWest;(4, 17);1;4118
15;0.5;;(3, 17);MoveWest;(3, 17);1;4119
15;0.5;;(3, 17);;(3, 17);1;4120
15;0.5;;(3, 17);MoveWest;(2, 17);1;4121
15;0.5;;(3, 17);;(2, 17);1;4122
15;0.5;;(3, 17);;(2, 17);1;4123
15;0.5;;(3, 17);;(2, 17);1;4124
15;0.5;;(3, 17);;(2, 17);1;4125
15;0.5;;(3, 17);;(2, 17);1;4126
15;0.5;;(3, 17);;(2, 17);1;4127
15;0.5;;(3, 17);;(2, 17);1;4128
15;0.5;;(3, 17);;(2, 17);1;4129
15;0.5;;(3, 17);;(2, 17);1;4130
15;0.5;;(3, 17);;(2, 17);1;4131
15;0.5;;(3, 17);;(2, 17);1;4132
15;0.5;;(3, 17);;(2, 17);1;4133
15;0.5;;(3, 17);;(2, 17);1;4134
15;0.5;;(3, 17);;(2, 17);1;4135
15;0.5;;(3, 17);;(2, 17);1;4136
15;0.5;;(3, 17);;(2, 17);1;4137
15;0.5;;(3, 17);RemoveObjectTogether;(2, 17);1;4138
15;0.5;;(3, 17);;(2, 17);1;4139
15;0.5;;(3, 17);;(2, 17);1;4140
15;0.5;;(3, 17);;(2, 17);1;4141
15;0.5;;(3, 17);;(2, 17);1;4142
15;0.5;;(3, 17);;(2, 17);1;4143
15;0.5;;(3, 17);;(2, 17);1;4144
15;0.5;;(3, 17);;(2, 17);1;4145
15;0.5;;(3, 17);;(2, 17);1;4146
15;0.5;;(3, 17);;(2, 17);1;4147
15;0.5;;(3, 17);;(2, 17);1;4148
15;0.5;;(3, 17);;(2, 17);1;4149
15;0.5;;(3, 17);;(2, 17);1;4150
15;0.5;;(3, 17);MoveEast;(2, 17);1;4151
15;0.5;;(3, 17);MoveEast;(2, 17);1;4152
15;0.5;;(3, 17);MoveEast;(2, 17);1;4153
15;0.5;;(3, 17);MoveEast;(2, 17);1;4154
15;0.5;;(3, 17);MoveEast;(2, 17);1;4155
15;0.5;;(3, 17);MoveEast;(3, 17);1;4156
15;0.5;;(3, 17);;(3, 17);1;4157
15;0.5;;(3, 17);;(3, 17);1;4158
15;0.5;;(3, 17);;(3, 17);1;4159
15;0.5;;(3, 17);;(3, 17);1;4160
15;0.5;;(3, 17);;(3, 17);1;4161
15;0.5;;(3, 17);;(3, 17);1;4162
15;0.5;;(3, 17);;(3, 17);1;4163
15;0.5;;(3, 17);;(3, 17);1;4164
15;0.5;;(3, 17);;(3, 17);1;4165
15;0.5;;(3, 17);;(3, 17);1;4166
15;0.5;;(3, 17);;(3, 17);1;4167
15;0.5;;(3, 17);;(3, 17);1;4168
15;0.5;;(3, 17);;(3, 17);1;4169
15;0.5;;(3, 17);;(3, 17);1;4170
15;0.5;;(3, 17);RemoveObjectTogether;(3, 17);1;4171
15;0.5;;(3, 17);RemoveObjectTogether;(3, 17);1;4172
15;0.5;;(3, 17);RemoveObjectTogether;(3, 17);1;4173
15;0.5;;(3, 17);RemoveObjectTogether;(3, 17);1;4174
15;0.5;;(3, 17);RemoveObjectTogether;(3, 17);1;4175
15;0.5;;(3, 17);RemoveObjectTogether;(3, 17);1;4176
15;0.5;;(3, 17);RemoveObjectTogether;(3, 17);1;4177
15;0.5;;(3, 17);RemoveObjectTogether;(3, 17);1;4178
15;0.5;;(3, 17);RemoveObjectTogether;(3, 17);1;4179
15;0.5;;(3, 17);RemoveObjectTogether;(3, 17);1;4180
15;0.5;;(3, 17);RemoveObjectTogether;(3, 17);1;4181
15;0.5;;(3, 17);RemoveObjectTogether;(3, 17);1;4182
15;0.5;;(3, 17);RemoveObjectTogether;(3, 17);1;4183
15;0.5;;(3, 17);RemoveObjectTogether;(3, 17);1;4184
15;0.5;;(3, 17);RemoveObjectTogether;(3, 17);1;4185
15;0.5;;(3, 17);RemoveObjectTogether;(3, 17);1;4186
15;0.5;;(3, 17);RemoveObjectTogether;(3, 17);1;4187
15;0.5;;(3, 17);RemoveObjectTogether;(3, 17);1;4188
15;0.5;;(3, 17);RemoveObjectTogether;(3, 17);1;4189
15;0.5;;(3, 17);RemoveObjectTogether;(3, 17);1;4190
15;0.5;;(3, 17);RemoveObjectTogether;(3, 17);1;4191
15;0.5;;(3, 17);RemoveObjectTogether;(3, 17);1;4192
15;0.5;;(3, 17);RemoveObjectTogether;(3, 17);1;4193
15;0.5;;(3, 17);RemoveObjectTogether;(3, 17);1;4194
15;0.5;;(3, 17);RemoveObjectTogether;(3, 17);1;4195
15;0.5;;(3, 17);RemoveObjectTogether;(3, 17);1;4196
15;0.5;;(3, 17);RemoveObjectTogether;(3, 17);1;4197
15;0.5;;(3, 17);RemoveObjectTogether;(3, 17);1;4198
15;0.5;;(3, 17);RemoveObjectTogether;(3, 17);1;4199
15;0.5;;(3, 17);RemoveObjectTogether;(3, 17);1;4200
15;0.5;;(3, 17);RemoveObjectTogether;(3, 17);1;4201
15;0.5;;(3, 17);RemoveObjectTogether;(3, 17);1;4202
15;0.5;;(3, 17);RemoveObjectTogether;(3, 17);1;4203
15;0.5;;(3, 17);RemoveObjectTogether;(3, 17);1;4204
15;0.5;;(3, 17);RemoveObjectTogether;(3, 17);1;4205
15;0.5;;(3, 17);RemoveObjectTogether;(3, 17);1;4206
15;0.5;;(3, 17);RemoveObjectTogether;(3, 17);1;4207
15;0.5;;(3, 17);RemoveObjectTogether;(3, 17);1;4208
15;0.5;;(3, 17);RemoveObjectTogether;(3, 17);1;4209
15;0.5;;(3, 17);RemoveObjectTogether;(3, 17);1;4210
15;0.5;;(3, 17);RemoveObjectTogether;(3, 17);1;4211
15;0.5;;(3, 17);RemoveObjectTogether;(3, 17);1;4212
15;0.5;;(3, 17);RemoveObjectTogether;(3, 17);1;4213
15;0.5;;(3, 17);RemoveObjectTogether;(3, 17);1;4214
15;0.5;;(3, 17);RemoveObjectTogether;(3, 17);1;4215
15;0.5;;(3, 17);RemoveObjectTogether;(3, 17);1;4216
15;0.5;;(3, 17);RemoveObjectTogether;(3, 17);1;4217
15;0.5;;(3, 17);RemoveObjectTogether;(3, 17);1;4218
15;0.5;;(3, 17);RemoveObjectTogether;(3, 17);1;4219
15;0.5;;(3, 17);RemoveObjectTogether;(3, 17);1;4220
15;0.5;;(3, 17);RemoveObjectTogether;(3, 17);1;4221
15;0.5;MoveNorth;(3, 17);;(3, 17);1;4222
15;0.5;MoveNorth;(3, 17);;(3, 17);1;4223
15;0.5;MoveNorth;(3, 17);;(3, 17);1;4224
15;0.5;MoveNorth;(3, 17);;(3, 17);1;4225
15;0.5;MoveNorth;(3, 17);;(3, 17);1;4226
15;0.5;MoveNorth;(3, 17);;(3, 17);1;4227
15;0.5;MoveNorth;(3, 17);;(3, 17);1;4228
15;0.5;MoveNorth;(3, 17);;(3, 17);1;4229
15;0.5;MoveNorth;(3, 16);;(3, 17);1;4230
15;0.5;MoveNorthWest;(3, 16);;(3, 17);1;4231
15;0.5;MoveNorthWest;(3, 16);;(3, 17);1;4232
15;0.5;MoveNorthWest;(3, 16);;(3, 17);1;4233
15;0.5;MoveNorthWest;(3, 16);;(3, 17);1;4234
15;0.5;MoveNorthWest;(3, 16);;(3, 17);1;4235
15;0.5;MoveNorthWest;(3, 16);;(3, 17);1;4236
15;0.5;MoveNorthWest;(3, 16);;(3, 17);1;4237
15;0.5;MoveNorthWest;(3, 16);;(3, 17);1;4238
15;0.5;MoveNorthWest;(2, 15);MoveNorth;(3, 16);1;4239
15;0.5;MoveNorth;(2, 15);;(3, 16);1;4240
15;0.5;MoveNorth;(2, 15);;(3, 16);1;4241
15;0.5;MoveNorth;(2, 15);;(3, 16);1;4242
15;0.5;MoveNorth;(2, 15);;(3, 16);1;4243
15;0.5;MoveNorth;(2, 15);MoveNorth;(3, 15);1;4244
15;0.5;MoveNorth;(2, 15);;(3, 15);1;4245
15;0.5;MoveNorth;(2, 15);;(3, 15);1;4246
15;0.5;MoveNorth;(2, 15);;(3, 15);1;4247
15;0.5;MoveNorth;(2, 14);;(3, 15);1;4248
15;0.5;MoveSouthEast;(2, 14);;(3, 15);1;4249
15;0.5;MoveSouthEast;(2, 14);;(3, 15);1;4250
15;0.5;MoveSouthEast;(2, 14);MoveNorth;(3, 14);1;4251
15;0.5;MoveSouthEast;(2, 14);;(3, 14);1;4252
15;0.5;MoveSouthEast;(2, 14);;(3, 14);1;4253
15;0.5;MoveSouthEast;(2, 14);;(3, 14);1;4254
15;0.5;MoveSouthEast;(2, 14);;(3, 14);1;4255
15;0.5;MoveSouthEast;(2, 14);;(3, 14);1;4256
15;0.5;MoveSouthEast;(3, 15);;(3, 14);1;4257
15;0.5;MoveNorthEast;(3, 15);;(3, 14);1;4258
15;0.5;MoveNorthEast;(3, 15);;(3, 14);1;4259
15;0.5;MoveNorthEast;(3, 15);;(3, 14);1;4260
15;0.5;MoveNorthEast;(3, 15);;(3, 14);1;4261
15;0.5;MoveNorthEast;(3, 15);;(3, 14);1;4262
15;0.5;MoveNorthEast;(3, 15);;(3, 14);1;4263
15;0.5;MoveNorthEast;(3, 15);MoveEast;(4, 14);1;4264
15;0.5;MoveNorthEast;(3, 15);;(4, 14);1;4265
15;0.5;MoveNorthEast;(4, 14);;(4, 14);1;4266
15;0.5;;(4, 14);;(4, 14);1;4267
15;0.5;;(4, 14);;(4, 14);1;4268
15;0.5;;(4, 14);;(4, 14);1;4269
15;0.5;;(4, 14);;(4, 14);1;4270
15;0.5;;(4, 14);;(4, 14);1;4271
15;0.5;;(4, 14);;(4, 14);1;4272
15;0.5;;(4, 14);;(4, 14);1;4273
15;0.5;;(4, 14);;(4, 14);1;4274
15;0.5;;(4, 14);;(4, 14);1;4275
15;0.5;;(4, 14);;(4, 14);1;4276
15;0.5;;(4, 14);;(4, 14);1;4277
15;0.5;;(4, 14);;(4, 14);1;4278
15;0.5;;(4, 14);;(4, 14);1;4279
15;0.5;;(4, 14);;(4, 14);1;4280
15;0.5;;(4, 14);;(4, 14);1;4281
15;0.5;;(4, 14);;(4, 14);1;4282
15;0.5;;(4, 14);;(4, 14);1;4283
15;0.5;;(4, 14);;(4, 14);1;4284
15;0.5;;(4, 14);;(4, 14);1;4285
15;0.5;;(4, 14);;(4, 14);1;4286
15;0.5;;(4, 14);;(4, 14);1;4287
15;0.5;;(4, 14);;(4, 14);1;4288
15;0.5;;(4, 14);;(4, 14);1;4289
15;0.5;;(4, 14);;(4, 14);1;4290
15;0.5;;(4, 14);;(4, 14);1;4291
15;0.5;;(4, 14);;(4, 14);1;4292
15;0.5;;(4, 14);;(4, 14);1;4293
15;0.5;;(4, 14);;(4, 14);1;4294
15;0.5;;(4, 14);;(4, 14);1;4295
15;0.5;;(4, 14);;(4, 14);1;4296
15;0.5;;(4, 14);;(4, 14);1;4297
15;0.5;;(4, 14);;(4, 14);1;4298
15;0.5;;(4, 14);;(4, 14);1;4299
15;0.5;;(4, 14);;(4, 14);1;4300
15;0.5;Idle;(4, 14);;(4, 14);1;4301
15;0.5;Idle;(4, 14);;(4, 14);1;4302
15;0.5;Idle;(4, 14);;(4, 14);1;4303
15;0.5;Idle;(4, 14);;(4, 14);1;4304
15;0.5;Idle;(4, 14);;(4, 14);1;4305
15;0.5;Idle;(4, 14);;(4, 14);1;4306
15;0.5;Idle;(4, 14);;(4, 14);1;4307
15;0.5;Idle;(4, 14);;(4, 14);1;4308
15;0.5;Idle;(4, 14);;(4, 14);1;4309
15;0.5;Idle;(4, 14);;(4, 14);1;4310
15;0.5;Idle;(4, 14);;(4, 14);1;4311
15;0.5;Idle;(4, 14);;(4, 14);1;4312
15;0.5;Idle;(4, 14);;(4, 14);1;4313
15;0.5;Idle;(4, 14);;(4, 14);1;4314
15;0.5;Idle;(4, 14);;(4, 14);1;4315
15;0.5;Idle;(4, 14);MoveEast;(4, 14);1;4316
15;0.5;Idle;(4, 14);;(4, 14);1;4317
15;0.5;Idle;(4, 14);;(4, 14);1;4318
15;0.5;Idle;(4, 14);;(4, 14);1;4319
15;0.5;Idle;(4, 14);;(4, 14);1;4320
15;0.5;Idle;(4, 14);;(4, 14);1;4321
15;0.5;Idle;(4, 14);;(4, 14);1;4322
15;0.5;Idle;(4, 14);;(4, 14);1;4323
15;0.5;Idle;(4, 14);;(4, 14);1;4324
15;0.5;Idle;(4, 14);MoveSouth;(4, 15);1;4325
15;0.5;Idle;(4, 14);;(4, 15);1;4326
15;0.5;MoveSouth;(4, 14);;(4, 15);1;4327
15;0.5;MoveSouth;(4, 14);;(4, 15);1;4328
15;0.5;MoveSouth;(4, 14);;(4, 15);1;4329
15;0.5;MoveSouth;(4, 14);;(4, 15);1;4330
15;0.5;MoveSouth;(4, 14);;(4, 15);1;4331
15;0.5;MoveSouth;(4, 14);;(4, 15);1;4332
15;0.5;MoveSouth;(4, 14);;(4, 15);1;4333
15;0.5;MoveSouth;(4, 14);;(4, 15);1;4334
15;0.5;MoveSouth;(4, 15);;(4, 15);1;4335
15;0.5;;(4, 15);;(4, 15);1;4336
15;0.5;;(4, 15);;(4, 15);1;4337
15;0.5;;(4, 15);;(4, 15);1;4338
15;0.5;;(4, 15);;(4, 15);1;4339
15;0.5;;(4, 15);;(4, 15);1;4340
15;0.5;;(4, 15);;(4, 15);1;4341
15;0.5;;(4, 15);;(4, 15);1;4342
15;0.5;;(4, 15);;(4, 15);1;4343
15;0.5;;(4, 15);;(4, 15);1;4344
15;0.5;;(4, 15);;(4, 15);1;4345
15;0.5;;(4, 15);;(4, 15);1;4346
15;0.5;;(4, 15);;(4, 15);1;4347
15;0.5;;(4, 15);;(4, 15);1;4348
15;0.5;;(4, 15);;(4, 15);1;4349
15;0.5;;(4, 15);;(4, 15);1;4350
15;0.5;;(4, 15);;(4, 15);1;4351
15;0.5;;(4, 15);;(4, 15);1;4352
15;0.5;;(4, 15);;(4, 15);1;4353
15;0.5;;(4, 15);;(4, 15);1;4354
15;0.5;;(4, 15);CarryObjectTogether;(4, 15);1;4355
15;0.5;;(4, 15);;(4, 15);1;4356
15;0.5;;(4, 15);;(4, 15);1;4357
15;0.5;;(4, 15);;(4, 15);1;4358
15;0.5;;(4, 15);;(4, 15);1;4359
15;0.5;;(4, 15);;(4, 15);1;4360
15;0.5;;(4, 15);;(4, 15);1;4361
15;0.5;;(4, 15);;(4, 15);1;4362
15;0.5;;(4, 15);;(4, 15);1;4363
15;0.5;;(4, 15);;(4, 15);1;4364
15;0.5;;(4, 15);;(4, 15);1;4365
15;0.5;;(4, 15);;(4, 15);1;4366
15;0.5;;(4, 15);;(4, 15);1;4367
15;0.5;;(4, 15);;(4, 15);1;4368
15;0.5;;(4, 15);;(4, 15);1;4369
15;0.5;;(4, 15);;(4, 15);1;4370
15;0.5;;(4, 15);MoveWest;(3, 15);1;4371
15;0.5;;(4, 15);;(3, 15);1;4372
15;0.5;;(4, 15);;(3, 15);1;4373
15;0.5;;(4, 15);;(3, 15);1;4374
15;0.5;;(4, 15);;(3, 15);1;4375
15;0.5;;(4, 15);;(3, 15);1;4376
15;0.5;;(4, 15);;(3, 15);1;4377
15;0.5;;(4, 15);;(3, 15);1;4378
15;0.5;;(4, 15);;(3, 15);1;4379
15;0.5;;(4, 15);;(3, 15);1;4380
15;0.5;;(4, 15);MoveSouth;(3, 16);1;4381
15;0.5;;(4, 15);;(3, 16);1;4382
15;0.5;;(4, 15);;(3, 16);1;4383
15;0.5;;(4, 15);;(3, 16);1;4384
15;0.5;;(4, 15);;(3, 16);1;4385
15;0.5;;(4, 15);;(3, 16);1;4386
15;0.5;;(4, 15);;(3, 16);1;4387
15;0.5;;(4, 15);MoveSouth;(3, 17);1;4388
15;0.5;;(4, 15);;(3, 17);1;4389
15;0.5;;(4, 15);;(3, 17);1;4390
15;0.5;;(4, 15);;(3, 17);1;4391
15;0.5;;(4, 15);;(3, 17);1;4392
15;0.5;;(4, 15);;(3, 17);1;4393
15;0.5;;(4, 15);;(3, 17);1;4394
15;0.5;;(4, 15);;(3, 17);1;4395
15;0.5;;(4, 15);MoveEast;(4, 17);1;4396
15;0.5;;(4, 15);;(4, 17);1;4397
15;0.5;;(4, 15);;(4, 17);1;4398
15;0.5;;(4, 15);;(4, 17);1;4399
15;0.5;;(4, 15);;(4, 17);1;4400
15;0.5;;(4, 15);;(4, 17);1;4401
15;0.5;;(4, 15);;(4, 17);1;4402
15;0.5;;(4, 15);MoveEast;(4, 17);1;4403
15;0.5;;(4, 15);MoveEast;(4, 17);1;4404
15;0.5;;(4, 15);MoveEast;(4, 17);1;4405
15;0.5;;(4, 15);MoveEast;(4, 17);1;4406
15;0.5;;(4, 15);MoveEast;(4, 17);1;4407
15;0.5;;(4, 15);MoveEast;(5, 17);1;4408
15;0.5;;(4, 15);MoveEast;(5, 17);1;4409
15;0.5;;(4, 15);MoveEast;(5, 17);1;4410
15;0.5;;(4, 15);MoveEast;(5, 17);1;4411
15;0.5;;(4, 15);MoveEast;(5, 17);1;4412
15;0.5;;(4, 15);MoveEast;(5, 17);1;4413
15;0.5;;(4, 15);MoveEast;(6, 17);1;4414
15;0.5;;(4, 15);MoveEast;(6, 17);1;4415
15;0.5;;(4, 15);MoveEast;(6, 17);1;4416
15;0.5;;(4, 15);MoveEast;(6, 17);1;4417
15;0.5;;(4, 15);MoveEast;(6, 17);1;4418
15;0.5;;(4, 15);MoveEast;(6, 17);1;4419
15;0.5;;(4, 15);MoveEast;(7, 17);1;4420
15;0.5;;(4, 15);;(7, 17);1;4421
15;0.5;;(4, 15);;(7, 17);1;4422
15;0.5;;(4, 15);MoveEast;(7, 17);1;4423
15;0.5;;(4, 15);MoveEast;(7, 17);1;4424
15;0.5;;(4, 15);MoveEast;(7, 17);1;4425
15;0.5;;(4, 15);MoveEast;(7, 17);1;4426
15;0.5;;(4, 15);MoveEast;(7, 17);1;4427
15;0.5;;(4, 15);MoveEast;(8, 17);1;4428
15;0.5;;(4, 15);MoveEast;(8, 17);1;4429
15;0.5;;(4, 15);MoveEast;(8, 17);1;4430
15;0.5;;(4, 15);MoveEast;(8, 17);1;4431
15;0.5;;(4, 15);MoveEast;(8, 17);1;4432
15;0.5;;(4, 15);MoveEast;(8, 17);1;4433
15;0.5;;(4, 15);MoveEast;(9, 17);1;4434
15;0.5;;(4, 15);MoveEast;(10, 17);1;4435
15;0.5;;(4, 15);MoveEast;(11, 17);1;4436
15;0.5;;(4, 15);;(11, 17);1;4437
15;0.5;;(4, 15);;(11, 17);1;4438
15;0.5;;(4, 15);;(11, 17);1;4439
15;0.5;;(4, 15);;(11, 17);1;4440
15;0.5;;(4, 15);;(11, 17);1;4441
15;0.5;;(4, 15);MoveEast;(12, 17);1;4442
15;0.5;;(4, 15);;(12, 17);1;4443
15;0.5;;(4, 15);;(12, 17);1;4444
15;0.5;;(4, 15);MoveEast;(13, 17);1;4445
15;0.5;;(4, 15);;(13, 17);1;4446
15;0.5;;(4, 15);;(13, 17);1;4447
15;0.5;;(4, 15);;(13, 17);1;4448
15;0.5;;(4, 15);;(13, 17);1;4449
15;0.5;;(4, 15);;(13, 17);1;4450
15;0.5;;(4, 15);MoveEast;(14, 17);1;4451
15;0.5;;(4, 15);;(14, 17);1;4452
15;0.5;;(4, 15);;(14, 17);1;4453
15;0.5;;(4, 15);MoveEast;(14, 17);1;4454
15;0.5;;(4, 15);MoveEast;(14, 17);1;4455
15;0.5;;(4, 15);MoveEast;(14, 17);1;4456
15;0.5;;(4, 15);MoveEast;(14, 17);1;4457
15;0.5;;(4, 15);MoveEast;(14, 17);1;4458
15;0.5;;(4, 15);MoveEast;(15, 17);1;4459
15;0.5;;(4, 15);MoveEast;(16, 17);1;4460
15;0.5;;(4, 15);;(16, 17);1;4461
15;0.5;;(4, 15);;(16, 17);1;4462
15;0.5;;(4, 15);;(16, 17);1;4463
15;0.5;;(4, 15);;(16, 17);1;4464
15;0.5;;(4, 15);;(16, 17);1;4465
15;0.5;;(4, 15);MoveEast;(16, 17);1;4466
15;0.5;;(4, 15);MoveEast;(16, 17);1;4467
15;0.5;;(4, 15);MoveEast;(16, 17);1;4468
15;0.5;;(4, 15);MoveEast;(16, 17);1;4469
15;0.5;;(4, 15);MoveEast;(16, 17);1;4470
15;0.5;;(4, 15);MoveEast;(17, 17);1;4471
15;0.5;;(4, 15);;(17, 17);1;4472
15;0.5;;(4, 15);;(17, 17);1;4473
15;0.5;;(4, 15);;(17, 17);1;4474
15;0.5;;(4, 15);MoveEast;(17, 17);1;4475
15;0.5;;(4, 15);MoveEast;(17, 17);1;4476
15;0.5;;(4, 15);MoveEast;(17, 17);1;4477
15;0.5;;(4, 15);MoveEast;(17, 17);1;4478
15;0.5;;(4, 15);MoveEast;(17, 17);1;4479
15;0.5;;(4, 15);MoveEast;(18, 17);1;4480
15;0.5;;(4, 15);;(18, 17);1;4481
15;0.5;;(4, 15);;(18, 17);1;4482
15;0.5;;(4, 15);MoveEast;(18, 17);1;4483
15;0.5;;(4, 15);MoveEast;(18, 17);1;4484
15;0.5;;(4, 15);MoveEast;(18, 17);1;4485
15;0.5;;(4, 15);MoveEast;(18, 17);1;4486
15;0.5;;(4, 15);MoveEast;(18, 17);1;4487
15;0.5;;(4, 15);MoveEast;(19, 17);1;4488
15;0.5;;(4, 15);;(19, 17);1;4489
15;0.5;;(4, 15);MoveNorth;(19, 17);1;4490
15;0.5;;(4, 15);MoveNorth;(19, 17);1;4491
15;0.5;;(4, 15);MoveNorth;(19, 17);1;4492
15;0.5;;(4, 15);MoveNorth;(19, 17);1;4493
15;0.5;;(4, 15);MoveNorth;(19, 17);1;4494
15;0.5;;(4, 15);MoveNorth;(19, 16);1;4495
15;0.5;;(4, 15);MoveNorth;(19, 15);1;4496
15;0.5;;(4, 15);;(19, 15);1;4497
15;0.5;;(4, 15);;(19, 15);1;4498
15;0.5;;(4, 15);;(19, 15);1;4499
15;0.5;;(4, 15);;(19, 15);1;4500
15;0.5;;(4, 15);MoveNorth;(19, 14);1;4501
15;0.5;;(4, 15);;(19, 14);1;4502
15;0.5;;(4, 15);;(19, 14);1;4503
15;0.5;;(4, 15);;(19, 14);1;4504
15;0.5;;(4, 15);MoveNorth;(19, 13);1;4505
15;0.5;;(4, 15);;(19, 13);1;4506
15;0.5;;(4, 15);;(19, 13);1;4507
15;0.5;;(4, 15);MoveNorth;(19, 12);1;4508
15;0.5;;(4, 15);MoveNorth;(19, 11);1;4509
15;0.5;;(4, 15);;(19, 11);1;4510
15;0.5;;(4, 15);MoveNorth;(19, 10);1;4511
15;0.5;;(4, 15);;(19, 10);1;4512
15;0.5;;(4, 15);;(19, 10);1;4513
15;0.5;;(4, 15);MoveNorth;(19, 9);1;4514
15;0.5;;(4, 15);;(19, 9);1;4515
15;0.5;;(4, 15);;(19, 9);1;4516
15;0.5;;(4, 15);;(19, 9);1;4517
15;0.5;;(4, 15);;(19, 9);1;4518
15;0.5;;(4, 15);;(19, 9);1;4519
15;0.5;;(4, 15);;(19, 9);1;4520
15;0.5;;(4, 15);;(19, 9);1;4521
15;0.5;;(4, 15);;(19, 9);1;4522
15;0.5;;(4, 15);;(19, 9);1;4523
15;0.5;;(4, 15);;(19, 9);1;4524
15;0.5;;(4, 15);MoveSouth;(19, 9);1;4525
15;0.5;;(4, 15);MoveSouth;(19, 9);1;4526
15;0.5;;(4, 15);MoveSouth;(19, 9);1;4527
15;0.5;;(4, 15);MoveSouth;(19, 9);1;4528
15;0.5;;(4, 15);MoveSouth;(19, 9);1;4529
15;0.5;;(4, 15);MoveSouth;(19, 10);1;4530
15;0.5;;(4, 15);;(19, 10);1;4531
15;0.5;;(4, 15);;(19, 10);1;4532
15;0.5;;(4, 15);;(19, 10);1;4533
15;0.5;;(4, 15);;(19, 10);1;4534
15;0.5;;(4, 15);;(19, 10);1;4535
15;0.5;;(4, 15);;(19, 10);1;4536
15;0.5;;(4, 15);MoveEast;(20, 10);1;4537
15;0.5;;(4, 15);;(20, 10);1;4538
15;0.5;;(4, 15);;(20, 10);1;4539
15;0.5;;(4, 15);;(20, 10);1;4540
15;0.5;;(4, 15);;(20, 10);1;4541
15;0.5;;(4, 15);;(20, 10);1;4542
15;0.5;;(4, 15);;(20, 10);1;4543
15;0.5;;(4, 15);MoveEast;(21, 10);1;4544
15;0.5;;(4, 15);;(21, 10);1;4545
15;0.5;;(4, 15);;(21, 10);1;4546
15;0.5;;(4, 15);;(21, 10);1;4547
15;0.5;;(4, 15);MoveEast;(22, 10);1;4548
15;0.5;;(4, 15);;(22, 10);1;4549
15;0.5;;(4, 15);;(22, 10);1;4550
15;0.5;;(4, 15);;(22, 10);1;4551
15;0.5;;(4, 15);;(22, 10);1;4552
15;0.5;;(4, 15);;(22, 10);1;4553
15;0.5;;(4, 15);MoveEast;(23, 10);1;4554
15;0.5;;(4, 15);;(23, 10);1;4555
15;0.5;;(4, 15);;(23, 10);1;4556
15;0.5;;(4, 15);;(23, 10);1;4557
15;0.5;;(4, 15);;(23, 10);1;4558
15;0.5;;(4, 15);;(23, 10);1;4559
15;0.5;;(4, 15);;(23, 10);1;4560
15;0.5;;(4, 15);;(23, 10);1;4561
15;0.5;;(4, 15);;(23, 10);1;4562
15;0.5;;(4, 15);;(23, 10);1;4563
15;0.5;;(4, 15);;(23, 10);1;4564
15;0.5;;(4, 15);;(23, 10);1;4565
15;0.5;;(4, 15);;(23, 10);1;4566
15;0.5;;(4, 15);;(23, 10);1;4567
15;0.5;;(4, 15);;(23, 10);1;4568
15;0.5;;(4, 15);;(23, 10);1;4569
15;0.5;;(4, 15);;(23, 10);1;4570
15;0.5;;(4, 15);;(23, 10);1;4571
15;0.5;;(4, 15);;(23, 10);1;4572
15;0.5;;(4, 15);;(23, 10);1;4573
15;0.5;;(4, 15);;(23, 10);1;4574
15;0.5;;(4, 15);;(23, 10);1;4575
15;0.5;;(4, 15);;(23, 10);1;4576
15;0.5;;(4, 15);;(23, 10);1;4577
15;0.5;;(4, 15);;(23, 10);1;4578
15;0.5;;(4, 15);;(23, 10);1;4579
15;0.5;;(4, 15);;(23, 10);1;4580
15;0.5;;(4, 15);;(23, 10);1;4581
21;0.625;;(23, 10);DropObjectTogether;(23, 10);1;4582
21;0.625;MoveSouthWest;(23, 10);;(23, 10);1;4583
21;0.625;MoveSouthWest;(23, 10);;(23, 10);1;4584
21;0.625;MoveSouthWest;(23, 10);;(23, 10);1;4585
21;0.625;MoveSouthWest;(23, 10);;(23, 10);1;4586
21;0.625;MoveSouthWest;(23, 10);;(23, 10);1;4587
21;0.625;MoveSouthWest;(23, 10);;(23, 10);1;4588
21;0.625;MoveSouthWest;(23, 10);;(23, 10);1;4589
21;0.625;MoveSouthWest;(23, 10);;(23, 10);1;4590
21;0.625;MoveSouthWest;(22, 11);;(23, 10);1;4591
21;0.625;MoveSouthWest;(22, 11);;(23, 10);1;4592
21;0.625;MoveSouthWest;(22, 11);;(23, 10);1;4593
21;0.625;MoveSouthWest;(22, 11);;(23, 10);1;4594
21;0.625;MoveSouthWest;(22, 11);;(23, 10);1;4595
21;0.625;MoveSouthWest;(22, 11);;(23, 10);1;4596
21;0.625;MoveSouthWest;(22, 11);;(23, 10);1;4597
21;0.625;MoveSouthWest;(22, 11);;(23, 10);1;4598
21;0.625;MoveSouthWest;(22, 11);;(23, 10);1;4599
21;0.625;MoveSouthWest;(21, 12);;(23, 10);1;4600
21;0.625;MoveSouthWest;(21, 12);;(23, 10);1;4601
21;0.625;MoveSouthWest;(21, 12);;(23, 10);1;4602
21;0.625;MoveSouthWest;(21, 12);;(23, 10);1;4603
21;0.625;MoveSouthWest;(21, 12);;(23, 10);1;4604
21;0.625;MoveSouthWest;(21, 12);;(23, 10);1;4605
21;0.625;MoveSouthWest;(21, 12);;(23, 10);1;4606
21;0.625;MoveSouthWest;(21, 12);;(23, 10);1;4607
21;0.625;MoveSouthWest;(21, 12);;(23, 10);1;4608
21;0.625;MoveSouthWest;(20, 13);;(23, 10);1;4609
21;0.625;MoveSouthWest;(20, 13);;(23, 10);1;4610
21;0.625;MoveSouthWest;(20, 13);;(23, 10);1;4611
21;0.625;MoveSouthWest;(20, 13);MoveWest;(22, 10);1;4612
21;0.625;MoveSouthWest;(20, 13);;(22, 10);1;4613
21;0.625;MoveSouthWest;(20, 13);;(22, 10);1;4614
21;0.625;MoveSouthWest;(20, 13);;(22, 10);1;4615
21;0.625;MoveSouthWest;(20, 13);;(22, 10);1;4616
21;0.625;MoveSouthWest;(20, 13);;(22, 10);1;4617
21;0.625;MoveSouthWest;(19, 14);;(22, 10);1;4618
21;0.625;MoveSouthWest;(19, 14);MoveWest;(21, 10);1;4619
21;0.625;MoveSouthWest;(19, 14);;(21, 10);1;4620
21;0.625;MoveSouthWest;(19, 14);;(21, 10);1;4621
21;0.625;MoveSouthWest;(19, 14);;(21, 10);1;4622
21;0.625;MoveSouthWest;(19, 14);;(21, 10);1;4623
21;0.625;MoveSouthWest;(19, 14);;(21, 10);1;4624
21;0.625;MoveSouthWest;(19, 14);;(21, 10);1;4625
21;0.625;MoveSouthWest;(19, 14);;(21, 10);1;4626
21;0.625;MoveSouthWest;(18, 15);MoveWest;(20, 10);1;4627
21;0.625;MoveSouth;(18, 15);;(20, 10);1;4628
21;0.625;MoveSouth;(18, 15);;(20, 10);1;4629
21;0.625;MoveSouth;(18, 15);;(20, 10);1;4630
21;0.625;MoveSouth;(18, 15);;(20, 10);1;4631
21;0.625;MoveSouth;(18, 15);;(20, 10);1;4632
21;0.625;MoveSouth;(18, 15);;(20, 10);1;4633
21;0.625;MoveSouth;(18, 15);;(20, 10);1;4634
21;0.625;MoveSouth;(18, 15);;(20, 10);1;4635
21;0.625;MoveSouth;(18, 15);MoveSouth;(20, 11);1;4636
21;0.625;MoveSouth;(18, 15);;(20, 11);1;4637
21;0.625;MoveSouth;(18, 15);;(20, 11);1;4638
21;0.625;MoveSouth;(18, 15);;(20, 11);1;4639
21;0.625;MoveSouth;(18, 15);;(20, 11);1;4640
21;0.625;MoveSouth;(18, 16);;(20, 11);1;4641
21;0.625;MoveSouthWest;(18, 16);;(20, 11);1;4642
21;0.625;MoveSouthWest;(18, 16);MoveSouth;(20, 12);1;4643
21;0.625;MoveSouthWest;(18, 16);;(20, 12);1;4644
21;0.625;MoveSouthWest;(18, 16);;(20, 12);1;4645
21;0.625;MoveSouthWest;(18, 16);;(20, 12);1;4646
21;0.625;MoveSouthWest;(18, 16);;(20, 12);1;4647
21;0.625;MoveSouthWest;(18, 16);MoveSouth;(20, 13);1;4648
21;0.625;MoveSouthWest;(18, 16);;(20, 13);1;4649
21;0.625;MoveSouthWest;(18, 16);;(20, 13);1;4650
21;0.625;MoveSouthWest;(18, 16);;(20, 13);1;4651
21;0.625;MoveSouthWest;(18, 16);;(20, 13);1;4652
21;0.625;MoveSouthWest;(18, 16);;(20, 13);1;4653
21;0.625;MoveSouthWest;(18, 16);;(20, 13);1;4654
21;0.625;MoveSouthWest;(17, 17);MoveSouth;(20, 14);1;4655
21;0.625;MoveWest;(17, 17);;(20, 14);1;4656
21;0.625;MoveWest;(17, 17);;(20, 14);1;4657
21;0.625;MoveWest;(17, 17);;(20, 14);1;4658
21;0.625;MoveWest;(17, 17);;(20, 14);1;4659
21;0.625;MoveWest;(17, 17);;(20, 14);1;4660
21;0.625;MoveWest;(17, 17);;(20, 14);1;4661
21;0.625;MoveWest;(17, 17);MoveSouth;(20, 15);1;4662
21;0.625;MoveWest;(17, 17);;(20, 15);1;4663
21;0.625;MoveWest;(17, 17);;(20, 15);1;4664
21;0.625;MoveWest;(17, 17);;(20, 15);1;4665
21;0.625;MoveWest;(17, 17);;(20, 15);1;4666
21;0.625;MoveWest;(17, 17);;(20, 15);1;4667
21;0.625;MoveWest;(17, 17);;(20, 15);1;4668
21;0.625;MoveWest;(16, 17);;(20, 15);1;4669
21;0.625;MoveWest;(16, 17);MoveSouth;(20, 16);1;4670
21;0.625;MoveWest;(16, 17);;(20, 16);1;4671
21;0.625;MoveWest;(16, 17);;(20, 16);1;4672
21;0.625;MoveWest;(16, 17);;(20, 16);1;4673
21;0.625;MoveWest;(16, 17);;(20, 16);1;4674
21;0.625;MoveWest;(16, 17);;(20, 16);1;4675
21;0.625;MoveWest;(16, 17);;(20, 16);1;4676
21;0.625;MoveWest;(16, 17);MoveSouth;(20, 17);1;4677
21;0.625;MoveWest;(16, 17);;(20, 17);1;4678
21;0.625;MoveWest;(16, 17);;(20, 17);1;4679
21;0.625;MoveWest;(16, 17);;(20, 17);1;4680
21;0.625;MoveWest;(16, 17);;(20, 17);1;4681
21;0.625;MoveWest;(16, 17);;(20, 17);1;4682
21;0.625;MoveWest;(15, 17);;(20, 17);1;4683
21;0.625;MoveWest;(15, 17);;(20, 17);1;4684
21;0.625;MoveWest;(15, 17);;(20, 17);1;4685
21;0.625;MoveWest;(15, 17);;(20, 17);1;4686
21;0.625;MoveWest;(15, 17);MoveSouth;(20, 17);1;4687
21;0.625;MoveWest;(15, 17);MoveSouth;(20, 17);1;4688
21;0.625;MoveWest;(15, 17);MoveSouth;(20, 17);1;4689
21;0.625;MoveWest;(15, 17);MoveSouth;(20, 17);1;4690
21;0.625;MoveWest;(15, 17);MoveSouth;(20, 17);1;4691
21;0.625;MoveWest;(14, 17);MoveSouth;(20, 18);1;4692
21;0.625;MoveWest;(14, 17);;(20, 18);1;4693
21;0.625;MoveWest;(14, 17);;(20, 18);1;4694
21;0.625;MoveWest;(14, 17);;(20, 18);1;4695
21;0.625;MoveWest;(14, 17);;(20, 18);1;4696
21;0.625;MoveWest;(14, 17);;(20, 18);1;4697
21;0.625;MoveWest;(14, 17);MoveSouth;(20, 18);1;4698
21;0.625;MoveWest;(14, 17);MoveSouth;(20, 18);1;4699
21;0.625;MoveWest;(14, 17);MoveSouth;(20, 18);1;4700
21;0.625;MoveWest;(14, 17);MoveSouth;(20, 18);1;4701
21;0.625;MoveWest;(14, 17);MoveSouth;(20, 18);1;4702
21;0.625;MoveWest;(14, 17);MoveSouth;(20, 18);1;4703
21;0.625;MoveWest;(14, 17);MoveEast;(20, 18);1;4704
21;0.625;MoveWest;(14, 17);MoveEast;(20, 18);1;4705
21;0.625;MoveWest;(13, 17);MoveEast;(20, 18);1;4706
21;0.625;MoveWest;(13, 17);MoveEast;(20, 18);1;4707
21;0.625;MoveWest;(13, 17);MoveEast;(20, 18);1;4708
21;0.625;MoveWest;(13, 17);MoveEast;(21, 18);1;4709
21;0.625;MoveWest;(13, 17);;(21, 18);1;4710
21;0.625;MoveWest;(13, 17);;(21, 18);1;4711
21;0.625;MoveWest;(13, 17);;(21, 18);1;4712
21;0.625;MoveWest;(13, 17);;(21, 18);1;4713
21;0.625;MoveWest;(13, 17);;(21, 18);1;4714
21;0.625;MoveWest;(12, 17);;(21, 18);1;4715
21;0.625;MoveWest;(12, 17);;(21, 18);1;4716
21;0.625;MoveWest;(12, 17);;(21, 18);1;4717
21;0.625;MoveWest;(12, 17);;(21, 18);1;4718
21;0.625;MoveWest;(12, 17);;(21, 18);1;4719
21;0.625;MoveWest;(12, 17);;(21, 18);1;4720
21;0.625;MoveWest;(12, 17);;(21, 18);1;4721
21;0.625;MoveWest;(12, 17);;(21, 18);1;4722
21;0.625;MoveWest;(12, 17);;(21, 18);1;4723
21;0.625;MoveWest;(11, 17);;(21, 18);1;4724
21;0.625;MoveWest;(11, 17);;(21, 18);1;4725
21;0.625;MoveWest;(11, 17);;(21, 18);1;4726
21;0.625;MoveWest;(11, 17);;(21, 18);1;4727
21;0.625;MoveWest;(11, 17);;(21, 18);1;4728
21;0.625;MoveWest;(11, 17);;(21, 18);1;4729
21;0.625;MoveWest;(11, 17);RemoveObject;(21, 18);1;4730
21;0.625;MoveWest;(11, 17);RemoveObject;(21, 18);1;4731
21;0.625;MoveWest;(11, 17);RemoveObject;(21, 18);1;4732
21;0.625;MoveWest;(10, 17);RemoveObject;(21, 18);1;4733
21;0.625;MoveSouthWest;(10, 17);RemoveObject;(21, 18);1;4734
21;0.625;MoveSouthWest;(10, 17);RemoveObject;(21, 18);1;4735
21;0.625;MoveSouthWest;(10, 17);RemoveObject;(21, 18);1;4736
21;0.625;MoveSouthWest;(10, 17);RemoveObject;(21, 18);1;4737
21;0.625;MoveSouthWest;(10, 17);RemoveObject;(21, 18);1;4738
21;0.625;MoveSouthWest;(10, 17);RemoveObject;(21, 18);1;4739
21;0.625;MoveSouthWest;(10, 17);RemoveObject;(21, 18);1;4740
21;0.625;MoveSouthWest;(10, 17);RemoveObject;(21, 18);1;4741
21;0.625;MoveSouthWest;(9, 18);RemoveObject;(21, 18);1;4742
21;0.625;;(9, 18);RemoveObject;(21, 18);1;4743
21;0.625;;(9, 18);RemoveObject;(21, 18);1;4744
21;0.625;;(9, 18);RemoveObject;(21, 18);1;4745
21;0.625;;(9, 18);RemoveObject;(21, 18);1;4746
21;0.625;;(9, 18);RemoveObject;(21, 18);1;4747
21;0.625;;(9, 18);RemoveObject;(21, 18);1;4748
21;0.625;;(9, 18);RemoveObject;(21, 18);1;4749
21;0.625;;(9, 18);RemoveObject;(21, 18);1;4750
21;0.625;;(9, 18);RemoveObject;(21, 18);1;4751
21;0.625;;(9, 18);RemoveObject;(21, 18);1;4752
21;0.625;;(9, 18);RemoveObject;(21, 18);1;4753
21;0.625;;(9, 18);RemoveObject;(21, 18);1;4754
21;0.625;;(9, 18);RemoveObject;(21, 18);1;4755
21;0.625;;(9, 18);RemoveObject;(21, 18);1;4756
21;0.625;;(9, 18);RemoveObject;(21, 18);1;4757
21;0.625;;(9, 18);RemoveObject;(21, 18);1;4758
21;0.625;;(9, 18);RemoveObject;(21, 18);1;4759
21;0.625;;(9, 18);RemoveObject;(21, 18);1;4760
21;0.625;;(9, 18);RemoveObject;(21, 18);1;4761
21;0.625;;(9, 18);RemoveObject;(21, 18);1;4762
21;0.625;;(9, 18);RemoveObject;(21, 18);1;4763
21;0.625;;(9, 18);RemoveObject;(21, 18);1;4764
21;0.625;;(9, 18);RemoveObject;(21, 18);1;4765
21;0.625;;(9, 18);RemoveObject;(21, 18);1;4766
21;0.625;;(9, 18);RemoveObject;(21, 18);1;4767
21;0.625;;(9, 18);RemoveObject;(21, 18);1;4768
21;0.625;;(9, 18);RemoveObject;(21, 18);1;4769
21;0.625;;(9, 18);RemoveObject;(21, 18);1;4770
21;0.625;;(9, 18);RemoveObject;(21, 18);1;4771
21;0.625;;(9, 18);RemoveObject;(21, 18);1;4772
21;0.625;;(9, 18);RemoveObject;(21, 18);1;4773
21;0.625;;(9, 18);RemoveObject;(21, 18);1;4774
21;0.625;;(9, 18);RemoveObject;(21, 18);1;4775
21;0.625;;(9, 18);RemoveObject;(21, 18);1;4776
21;0.625;;(9, 18);RemoveObject;(21, 18);1;4777
21;0.625;;(9, 18);RemoveObject;(21, 18);1;4778
21;0.625;;(9, 18);RemoveObject;(21, 18);1;4779
21;0.625;;(9, 18);RemoveObject;(21, 18);1;4780
21;0.625;;(9, 18);RemoveObject;(21, 18);1;4781
21;0.625;;(9, 18);RemoveObject;(21, 18);1;4782
21;0.625;;(9, 18);RemoveObject;(21, 18);1;4783
21;0.625;;(9, 18);RemoveObject;(21, 18);1;4784
21;0.625;;(9, 18);RemoveObject;(21, 18);1;4785
21;0.625;;(9, 18);RemoveObject;(21, 18);1;4786
21;0.625;;(9, 18);RemoveObject;(21, 18);1;4787
21;0.625;;(9, 18);RemoveObject;(21, 18);1;4788
21;0.625;;(9, 18);RemoveObject;(21, 18);1;4789
21;0.625;;(9, 18);RemoveObject;(21, 18);1;4790
21;0.625;;(9, 18);RemoveObject;(21, 18);1;4791
21;0.625;;(9, 18);RemoveObject;(21, 18);1;4792
21;0.625;;(9, 18);RemoveObject;(21, 18);1;4793
21;0.625;;(9, 18);RemoveObject;(21, 18);1;4794
21;0.625;;(9, 18);RemoveObject;(21, 18);1;4795
21;0.625;;(9, 18);RemoveObject;(21, 18);1;4796
21;0.625;;(9, 18);RemoveObject;(21, 18);1;4797
21;0.625;;(9, 18);RemoveObject;(21, 18);1;4798
21;0.625;;(9, 18);RemoveObject;(21, 18);1;4799
21;0.625;;(9, 18);RemoveObject;(21, 18);1;4800
21;0.625;;(9, 18);RemoveObject;(21, 18);1;4801
21;0.625;;(9, 18);RemoveObject;(21, 18);1;4802
21;0.625;;(9, 18);RemoveObject;(21, 18);1;4803
21;0.625;;(9, 18);RemoveObject;(21, 18);1;4804
21;0.625;;(9, 18);RemoveObject;(21, 18);1;4805
21;0.625;;(9, 18);RemoveObject;(21, 18);1;4806
21;0.625;;(9, 18);RemoveObject;(21, 18);1;4807
21;0.625;;(9, 18);RemoveObject;(21, 18);1;4808
21;0.625;;(9, 18);RemoveObject;(21, 18);1;4809
21;0.625;;(9, 18);RemoveObject;(21, 18);1;4810
21;0.625;;(9, 18);RemoveObject;(21, 18);1;4811
21;0.625;;(9, 18);RemoveObject;(21, 18);1;4812
21;0.625;;(9, 18);RemoveObject;(21, 18);1;4813
21;0.625;;(9, 18);RemoveObject;(21, 18);1;4814
21;0.625;;(9, 18);RemoveObject;(21, 18);1;4815
21;0.625;;(9, 18);RemoveObject;(21, 18);1;4816
21;0.625;;(9, 18);RemoveObject;(21, 18);1;4817
21;0.625;;(9, 18);RemoveObject;(21, 18);1;4818
21;0.625;;(9, 18);RemoveObject;(21, 18);1;4819
21;0.625;;(9, 18);RemoveObject;(21, 18);1;4820
21;0.625;;(9, 18);RemoveObject;(21, 18);1;4821
21;0.625;;(9, 18);RemoveObject;(21, 18);1;4822
21;0.625;;(9, 18);RemoveObject;(21, 18);1;4823
21;0.625;;(9, 18);RemoveObject;(21, 18);1;4824
21;0.625;;(9, 18);RemoveObject;(21, 18);1;4825
21;0.625;;(9, 18);RemoveObject;(21, 18);1;4826
21;0.625;;(9, 18);RemoveObject;(21, 18);1;4827
21;0.625;;(9, 18);RemoveObject;(21, 18);1;4828
21;0.625;;(9, 18);RemoveObject;(21, 18);1;4829
21;0.625;;(9, 18);RemoveObject;(21, 18);1;4830
21;0.625;;(9, 18);RemoveObject;(21, 18);1;4831
21;0.625;;(9, 18);RemoveObject;(21, 18);1;4832
21;0.625;;(9, 18);RemoveObject;(21, 18);1;4833
21;0.625;;(9, 18);RemoveObject;(21, 18);1;4834
21;0.625;;(9, 18);RemoveObject;(21, 18);1;4835
21;0.625;;(9, 18);RemoveObject;(21, 18);1;4836
21;0.625;;(9, 18);RemoveObject;(21, 18);1;4837
21;0.625;;(9, 18);RemoveObject;(21, 18);1;4838
21;0.625;;(9, 18);RemoveObject;(21, 18);1;4839
21;0.625;;(9, 18);RemoveObject;(21, 18);1;4840
21;0.625;;(9, 18);RemoveObject;(21, 18);1;4841
21;0.625;;(9, 18);RemoveObject;(21, 18);1;4842
21;0.625;;(9, 18);RemoveObject;(21, 18);1;4843
21;0.625;;(9, 18);RemoveObject;(21, 18);1;4844
21;0.625;;(9, 18);RemoveObject;(21, 18);1;4845
21;0.625;;(9, 18);RemoveObject;(21, 18);1;4846
21;0.625;;(9, 18);RemoveObject;(21, 18);1;4847
21;0.625;;(9, 18);RemoveObject;(21, 18);1;4848
21;0.625;;(9, 18);RemoveObject;(21, 18);1;4849
21;0.625;;(9, 18);RemoveObject;(21, 18);1;4850
21;0.625;;(9, 18);RemoveObject;(21, 18);1;4851
21;0.625;;(9, 18);RemoveObject;(21, 18);1;4852
21;0.625;;(9, 18);RemoveObject;(21, 18);1;4853
21;0.625;;(9, 18);RemoveObject;(21, 18);1;4854
21;0.625;;(9, 18);RemoveObject;(21, 18);1;4855
21;0.625;;(9, 18);RemoveObject;(21, 18);1;4856
21;0.625;;(9, 18);RemoveObject;(21, 18);1;4857
21;0.625;;(9, 18);RemoveObject;(21, 18);1;4858
21;0.625;;(9, 18);RemoveObject;(21, 18);1;4859
21;0.625;;(9, 18);RemoveObject;(21, 18);1;4860
21;0.625;;(9, 18);RemoveObject;(21, 18);1;4861
21;0.625;;(9, 18);RemoveObject;(21, 18);1;4862
21;0.625;;(9, 18);RemoveObject;(21, 18);1;4863
21;0.625;;(9, 18);RemoveObject;(21, 18);1;4864
21;0.625;;(9, 18);RemoveObject;(21, 18);1;4865
21;0.625;;(9, 18);RemoveObject;(21, 18);1;4866
21;0.625;;(9, 18);RemoveObject;(21, 18);1;4867
21;0.625;;(9, 18);RemoveObject;(21, 18);1;4868
21;0.625;;(9, 18);RemoveObject;(21, 18);1;4869
21;0.625;;(9, 18);RemoveObject;(21, 18);1;4870
21;0.625;;(9, 18);RemoveObject;(21, 18);1;4871
21;0.625;;(9, 18);RemoveObject;(21, 18);1;4872
21;0.625;;(9, 18);RemoveObject;(21, 18);1;4873
21;0.625;;(9, 18);RemoveObject;(21, 18);1;4874
21;0.625;;(9, 18);RemoveObject;(21, 18);1;4875
21;0.625;;(9, 18);RemoveObject;(21, 18);1;4876
21;0.625;;(9, 18);RemoveObject;(21, 18);1;4877
21;0.625;;(9, 18);RemoveObject;(21, 18);1;4878
21;0.625;;(9, 18);RemoveObject;(21, 18);1;4879
21;0.625;;(9, 18);RemoveObject;(21, 18);1;4880
21;0.625;;(9, 18);RemoveObject;(21, 18);1;4881
21;0.625;;(9, 18);RemoveObject;(21, 18);1;4882
21;0.625;;(9, 18);RemoveObject;(21, 18);1;4883
21;0.625;;(9, 18);RemoveObject;(21, 18);1;4884
21;0.625;;(9, 18);RemoveObject;(21, 18);1;4885
21;0.625;;(9, 18);RemoveObject;(21, 18);1;4886
21;0.625;;(9, 18);RemoveObject;(21, 18);1;4887
21;0.625;;(9, 18);RemoveObject;(21, 18);1;4888
21;0.625;;(9, 18);RemoveObject;(21, 18);1;4889
21;0.625;;(9, 18);RemoveObject;(21, 18);1;4890
21;0.625;;(9, 18);RemoveObject;(21, 18);1;4891
21;0.625;;(9, 18);RemoveObject;(21, 18);1;4892
21;0.625;;(9, 18);RemoveObject;(21, 18);1;4893
21;0.625;;(9, 18);RemoveObject;(21, 18);1;4894
21;0.625;;(9, 18);RemoveObject;(21, 18);1;4895
21;0.625;;(9, 18);RemoveObject;(21, 18);1;4896
21;0.625;;(9, 18);RemoveObject;(21, 18);1;4897
21;0.625;;(9, 18);RemoveObject;(21, 18);1;4898
21;0.625;;(9, 18);RemoveObject;(21, 18);1;4899
21;0.625;;(9, 18);RemoveObject;(21, 18);1;4900
21;0.625;;(9, 18);RemoveObject;(21, 18);1;4901
21;0.625;;(9, 18);RemoveObject;(21, 18);1;4902
21;0.625;;(9, 18);RemoveObject;(21, 18);1;4903
21;0.625;;(9, 18);RemoveObject;(21, 18);1;4904
21;0.625;;(9, 18);RemoveObject;(21, 18);1;4905
21;0.625;;(9, 18);RemoveObject;(21, 18);1;4906
21;0.625;;(9, 18);RemoveObject;(21, 18);1;4907
21;0.625;;(9, 18);RemoveObject;(21, 18);1;4908
21;0.625;;(9, 18);RemoveObject;(21, 18);1;4909
21;0.625;;(9, 18);RemoveObject;(21, 18);1;4910
21;0.625;;(9, 18);RemoveObject;(21, 18);1;4911
21;0.625;;(9, 18);RemoveObject;(21, 18);1;4912
21;0.625;;(9, 18);RemoveObject;(21, 18);1;4913
21;0.625;;(9, 18);RemoveObject;(21, 18);1;4914
21;0.625;;(9, 18);RemoveObject;(21, 18);1;4915
21;0.625;;(9, 18);RemoveObject;(21, 18);1;4916
21;0.625;;(9, 18);RemoveObject;(21, 18);1;4917
21;0.625;;(9, 18);RemoveObject;(21, 18);1;4918
21;0.625;;(9, 18);RemoveObject;(21, 18);1;4919
21;0.625;;(9, 18);RemoveObject;(21, 18);1;4920
21;0.625;;(9, 18);RemoveObject;(21, 18);1;4921
21;0.625;;(9, 18);RemoveObject;(21, 18);1;4922
21;0.625;;(9, 18);RemoveObject;(21, 18);1;4923
21;0.625;;(9, 18);RemoveObject;(21, 18);1;4924
21;0.625;;(9, 18);RemoveObject;(21, 18);1;4925
21;0.625;;(9, 18);RemoveObject;(21, 18);1;4926
21;0.625;;(9, 18);RemoveObject;(21, 18);1;4927
21;0.625;;(9, 18);RemoveObject;(21, 18);1;4928
21;0.625;;(9, 18);RemoveObject;(21, 18);1;4929
21;0.625;;(9, 18);RemoveObject;(21, 18);1;4930
21;0.625;;(9, 18);;(21, 18);1;4931
21;0.625;RemoveObject;(9, 18);;(21, 18);1;4932
21;0.625;RemoveObject;(9, 18);;(21, 18);1;4933
21;0.625;RemoveObject;(9, 18);;(21, 18);1;4934
21;0.625;RemoveObject;(9, 18);;(21, 18);1;4935
21;0.625;RemoveObject;(9, 18);;(21, 18);1;4936
21;0.625;RemoveObject;(9, 18);;(21, 18);1;4937
21;0.625;RemoveObject;(9, 18);;(21, 18);1;4938
21;0.625;RemoveObject;(9, 18);;(21, 18);1;4939
21;0.625;RemoveObject;(9, 18);;(21, 18);1;4940
21;0.625;RemoveObject;(9, 18);;(21, 18);1;4941
21;0.625;RemoveObject;(9, 18);;(21, 18);1;4942
21;0.625;RemoveObject;(9, 18);;(21, 18);1;4943
21;0.625;RemoveObject;(9, 18);;(21, 18);1;4944
21;0.625;RemoveObject;(9, 18);;(21, 18);1;4945
21;0.625;RemoveObject;(9, 18);;(21, 18);1;4946
21;0.625;RemoveObject;(9, 18);;(21, 18);1;4947
21;0.625;RemoveObject;(9, 18);;(21, 18);1;4948
21;0.625;RemoveObject;(9, 18);;(21, 18);1;4949
21;0.625;RemoveObject;(9, 18);;(21, 18);1;4950
21;0.625;RemoveObject;(9, 18);;(21, 18);1;4951
21;0.625;RemoveObject;(9, 18);;(21, 18);1;4952
21;0.625;RemoveObject;(9, 18);;(21, 18);1;4953
21;0.625;RemoveObject;(9, 18);;(21, 18);1;4954
21;0.625;RemoveObject;(9, 18);;(21, 18);1;4955
21;0.625;RemoveObject;(9, 18);;(21, 18);1;4956
21;0.625;RemoveObject;(9, 18);;(21, 18);1;4957
21;0.625;RemoveObject;(9, 18);;(21, 18);1;4958
21;0.625;RemoveObject;(9, 18);;(21, 18);1;4959
21;0.625;RemoveObject;(9, 18);;(21, 18);1;4960
21;0.625;RemoveObject;(9, 18);;(21, 18);1;4961
21;0.625;RemoveObject;(9, 18);;(21, 18);1;4962
21;0.625;RemoveObject;(9, 18);;(21, 18);1;4963
21;0.625;RemoveObject;(9, 18);;(21, 18);1;4964
21;0.625;RemoveObject;(9, 18);;(21, 18);1;4965
21;0.625;RemoveObject;(9, 18);;(21, 18);1;4966
21;0.625;RemoveObject;(9, 18);;(21, 18);1;4967
21;0.625;RemoveObject;(9, 18);;(21, 18);1;4968
21;0.625;RemoveObject;(9, 18);;(21, 18);1;4969
21;0.625;RemoveObject;(9, 18);;(21, 18);1;4970
21;0.625;RemoveObject;(9, 18);;(21, 18);1;4971
21;0.625;RemoveObject;(9, 18);;(21, 18);1;4972
21;0.625;RemoveObject;(9, 18);;(21, 18);1;4973
21;0.625;RemoveObject;(9, 18);;(21, 18);1;4974
21;0.625;RemoveObject;(9, 18);;(21, 18);1;4975
21;0.625;RemoveObject;(9, 18);;(21, 18);1;4976
21;0.625;RemoveObject;(9, 18);;(21, 18);1;4977
21;0.625;RemoveObject;(9, 18);;(21, 18);1;4978
21;0.625;RemoveObject;(9, 18);;(21, 18);1;4979
21;0.625;RemoveObject;(9, 18);;(21, 18);1;4980
21;0.625;RemoveObject;(9, 18);;(21, 18);1;4981
21;0.625;RemoveObject;(9, 18);;(21, 18);1;4982
21;0.625;RemoveObject;(9, 18);;(21, 18);1;4983
21;0.625;RemoveObject;(9, 18);;(21, 18);1;4984
21;0.625;RemoveObject;(9, 18);;(21, 18);1;4985
21;0.625;RemoveObject;(9, 18);;(21, 18);1;4986
21;0.625;RemoveObject;(9, 18);;(21, 18);1;4987
21;0.625;RemoveObject;(9, 18);;(21, 18);1;4988
21;0.625;RemoveObject;(9, 18);;(21, 18);1;4989
21;0.625;RemoveObject;(9, 18);;(21, 18);1;4990
21;0.625;RemoveObject;(9, 18);;(21, 18);1;4991
21;0.625;RemoveObject;(9, 18);;(21, 18);1;4992
21;0.625;RemoveObject;(9, 18);MoveSouth;(21, 19);1;4993
21;0.625;RemoveObject;(9, 18);;(21, 19);1;4994
21;0.625;RemoveObject;(9, 18);;(21, 19);1;4995
21;0.625;RemoveObject;(9, 18);;(21, 19);1;4996
21;0.625;RemoveObject;(9, 18);;(21, 19);1;4997
21;0.625;RemoveObject;(9, 18);;(21, 19);1;4998
21;0.625;RemoveObject;(9, 18);;(21, 19);1;4999
21;0.625;RemoveObject;(9, 18);MoveSouth;(21, 20);1;5000
21;0.625;RemoveObject;(9, 18);;(21, 20);1;5001
21;0.625;RemoveObject;(9, 18);;(21, 20);1;5002
21;0.625;RemoveObject;(9, 18);;(21, 20);1;5003
21;0.625;RemoveObject;(9, 18);;(21, 20);1;5004
21;0.625;RemoveObject;(9, 18);;(21, 20);1;5005
21;0.625;RemoveObject;(9, 18);;(21, 20);1;5006
21;0.625;RemoveObject;(9, 18);;(21, 20);1;5007
21;0.625;RemoveObject;(9, 18);;(21, 20);1;5008
21;0.625;RemoveObject;(9, 18);;(21, 20);1;5009
21;0.625;RemoveObject;(9, 18);;(21, 20);1;5010
21;0.625;RemoveObject;(9, 18);MoveSouth;(21, 21);1;5011
21;0.625;RemoveObject;(9, 18);;(21, 21);1;5012
21;0.625;RemoveObject;(9, 18);;(21, 21);1;5013
21;0.625;RemoveObject;(9, 18);;(21, 21);1;5014
21;0.625;RemoveObject;(9, 18);;(21, 21);1;5015
21;0.625;RemoveObject;(9, 18);;(21, 21);1;5016
21;0.625;RemoveObject;(9, 18);;(21, 21);1;5017
21;0.625;RemoveObject;(9, 18);;(21, 21);1;5018
21;0.625;RemoveObject;(9, 18);;(21, 21);1;5019
21;0.625;RemoveObject;(9, 18);;(21, 21);1;5020
21;0.625;RemoveObject;(9, 18);;(21, 21);1;5021
21;0.625;RemoveObject;(9, 18);;(21, 21);1;5022
21;0.625;RemoveObject;(9, 18);;(21, 21);1;5023
21;0.625;RemoveObject;(9, 18);;(21, 21);1;5024
21;0.625;RemoveObject;(9, 18);;(21, 21);1;5025
21;0.625;RemoveObject;(9, 18);MoveNorth;(21, 20);1;5026
21;0.625;RemoveObject;(9, 18);;(21, 20);1;5027
21;0.625;RemoveObject;(9, 18);;(21, 20);1;5028
21;0.625;RemoveObject;(9, 18);;(21, 20);1;5029
21;0.625;RemoveObject;(9, 18);;(21, 20);1;5030
21;0.625;RemoveObject;(9, 18);;(21, 20);1;5031
21;0.625;RemoveObject;(9, 18);;(21, 20);1;5032
21;0.625;RemoveObject;(9, 18);MoveNorth;(21, 19);1;5033
21;0.625;RemoveObject;(9, 18);;(21, 19);1;5034
21;0.625;RemoveObject;(9, 18);;(21, 19);1;5035
21;0.625;RemoveObject;(9, 18);;(21, 19);1;5036
21;0.625;RemoveObject;(9, 18);;(21, 19);1;5037
21;0.625;RemoveObject;(9, 18);;(21, 19);1;5038
21;0.625;RemoveObject;(9, 18);;(21, 19);1;5039
21;0.625;RemoveObject;(9, 18);;(21, 19);1;5040
21;0.625;RemoveObject;(9, 18);;(21, 19);1;5041
21;0.625;RemoveObject;(9, 18);MoveNorth;(21, 18);1;5042
21;0.625;RemoveObject;(9, 18);;(21, 18);1;5043
21;0.625;RemoveObject;(9, 18);;(21, 18);1;5044
21;0.625;RemoveObject;(9, 18);;(21, 18);1;5045
21;0.625;RemoveObject;(9, 18);;(21, 18);1;5046
21;0.625;RemoveObject;(9, 18);;(21, 18);1;5047
21;0.625;RemoveObject;(9, 18);;(21, 18);1;5048
21;0.625;RemoveObject;(9, 18);;(21, 18);1;5049
21;0.625;RemoveObject;(9, 18);;(21, 18);1;5050
21;0.625;RemoveObject;(9, 18);;(21, 18);1;5051
21;0.625;RemoveObject;(9, 18);;(21, 18);1;5052
21;0.625;RemoveObject;(9, 18);MoveWest;(20, 18);1;5053
21;0.625;RemoveObject;(9, 18);;(20, 18);1;5054
21;0.625;RemoveObject;(9, 18);;(20, 18);1;5055
21;0.625;RemoveObject;(9, 18);;(20, 18);1;5056
21;0.625;RemoveObject;(9, 18);;(20, 18);1;5057
21;0.625;RemoveObject;(9, 18);;(20, 18);1;5058
21;0.625;RemoveObject;(9, 18);;(20, 18);1;5059
21;0.625;RemoveObject;(9, 18);;(20, 18);1;5060
21;0.625;RemoveObject;(9, 18);;(20, 18);1;5061
21;0.625;RemoveObject;(9, 18);;(20, 18);1;5062
21;0.625;RemoveObject;(9, 18);;(20, 18);1;5063
21;0.625;RemoveObject;(9, 18);MoveWest;(20, 18);1;5064
21;0.625;RemoveObject;(9, 18);MoveWest;(20, 18);1;5065
21;0.625;RemoveObject;(9, 18);MoveWest;(20, 18);1;5066
21;0.625;RemoveObject;(9, 18);MoveWest;(20, 18);1;5067
21;0.625;RemoveObject;(9, 18);MoveWest;(20, 18);1;5068
21;0.625;RemoveObject;(9, 18);MoveWest;(19, 18);1;5069
21;0.625;RemoveObject;(9, 18);;(19, 18);1;5070
21;0.625;RemoveObject;(9, 18);MoveWest;(18, 18);1;5071
21;0.625;RemoveObject;(9, 18);;(18, 18);1;5072
21;0.625;RemoveObject;(9, 18);;(18, 18);1;5073
21;0.625;RemoveObject;(9, 18);;(18, 18);1;5074
21;0.625;RemoveObject;(9, 18);;(18, 18);1;5075
21;0.625;RemoveObject;(9, 18);;(18, 18);1;5076
21;0.625;RemoveObject;(9, 18);;(18, 18);1;5077
21;0.625;RemoveObject;(9, 18);MoveWest;(17, 18);1;5078
21;0.625;RemoveObject;(9, 18);;(17, 18);1;5079
21;0.625;RemoveObject;(9, 18);;(17, 18);1;5080
21;0.625;RemoveObject;(9, 18);;(17, 18);1;5081
21;0.625;RemoveObject;(9, 18);;(17, 18);1;5082
21;0.625;RemoveObject;(9, 18);;(17, 18);1;5083
21;0.625;RemoveObject;(9, 18);;(17, 18);1;5084
21;0.625;RemoveObject;(9, 18);;(17, 18);1;5085
21;0.625;RemoveObject;(9, 18);MoveWest;(16, 18);1;5086
21;0.625;RemoveObject;(9, 18);;(16, 18);1;5087
21;0.625;RemoveObject;(9, 18);;(16, 18);1;5088
21;0.625;RemoveObject;(9, 18);;(16, 18);1;5089
21;0.625;RemoveObject;(9, 18);;(16, 18);1;5090
21;0.625;RemoveObject;(9, 18);;(16, 18);1;5091
21;0.625;RemoveObject;(9, 18);;(16, 18);1;5092
21;0.625;RemoveObject;(9, 18);;(16, 18);1;5093
21;0.625;RemoveObject;(9, 18);MoveWest;(15, 18);1;5094
21;0.625;RemoveObject;(9, 18);;(15, 18);1;5095
21;0.625;RemoveObject;(9, 18);;(15, 18);1;5096
21;0.625;RemoveObject;(9, 18);;(15, 18);1;5097
21;0.625;RemoveObject;(9, 18);MoveWest;(14, 18);1;5098
21;0.625;RemoveObject;(9, 18);;(14, 18);1;5099
21;0.625;RemoveObject;(9, 18);;(14, 18);1;5100
21;0.625;RemoveObject;(9, 18);;(14, 18);1;5101
21;0.625;RemoveObject;(9, 18);;(14, 18);1;5102
21;0.625;RemoveObject;(9, 18);;(14, 18);1;5103
21;0.625;RemoveObject;(9, 18);;(14, 18);1;5104
21;0.625;RemoveObject;(9, 18);;(14, 18);1;5105
21;0.625;RemoveObject;(9, 18);;(14, 18);1;5106
21;0.625;RemoveObject;(9, 18);;(14, 18);1;5107
21;0.625;RemoveObject;(9, 18);;(14, 18);1;5108
21;0.625;RemoveObject;(9, 18);;(14, 18);1;5109
21;0.625;RemoveObject;(9, 18);;(14, 18);1;5110
21;0.625;RemoveObject;(9, 18);;(14, 18);1;5111
21;0.625;RemoveObject;(9, 18);;(14, 18);1;5112
21;0.625;RemoveObject;(9, 18);;(14, 18);1;5113
21;0.625;RemoveObject;(9, 18);;(14, 18);1;5114
21;0.625;RemoveObject;(9, 18);;(14, 18);1;5115
21;0.625;RemoveObject;(9, 18);;(14, 18);1;5116
21;0.625;RemoveObject;(9, 18);;(14, 18);1;5117
21;0.625;RemoveObject;(9, 18);;(14, 18);1;5118
21;0.625;RemoveObject;(9, 18);MoveWest;(14, 18);1;5119
21;0.625;RemoveObject;(9, 18);MoveWest;(14, 18);1;5120
21;0.625;RemoveObject;(9, 18);MoveWest;(14, 18);1;5121
21;0.625;RemoveObject;(9, 18);MoveWest;(14, 18);1;5122
21;0.625;RemoveObject;(9, 18);MoveWest;(14, 18);1;5123
21;0.625;RemoveObject;(9, 18);MoveWest;(13, 18);1;5124
21;0.625;RemoveObject;(9, 18);MoveWest;(13, 18);1;5125
21;0.625;RemoveObject;(9, 18);MoveWest;(13, 18);1;5126
21;0.625;RemoveObject;(9, 18);MoveWest;(13, 18);1;5127
21;0.625;RemoveObject;(9, 18);MoveWest;(13, 18);1;5128
21;0.625;RemoveObject;(9, 18);MoveWest;(13, 18);1;5129
21;0.625;RemoveObject;(9, 18);MoveWest;(12, 18);1;5130
21;0.625;RemoveObject;(9, 18);;(12, 18);1;5131
21;0.625;RemoveObject;(9, 18);MoveWest;(12, 18);1;5132
21;0.625;MoveSouth;(9, 18);MoveWest;(12, 18);1;5133
21;0.625;MoveSouth;(9, 18);MoveWest;(12, 18);1;5134
21;0.625;MoveSouth;(9, 18);MoveWest;(12, 18);1;5135
21;0.625;MoveSouth;(9, 18);MoveWest;(12, 18);1;5136
21;0.625;MoveSouth;(9, 18);MoveWest;(11, 18);1;5137
21;0.625;MoveSouth;(9, 18);;(11, 18);1;5138
21;0.625;MoveSouth;(9, 18);;(11, 18);1;5139
21;0.625;MoveSouth;(9, 18);;(11, 18);1;5140
21;0.625;MoveSouth;(9, 19);;(11, 18);1;5141
21;0.625;MoveSouthWest;(9, 19);MoveWest;(11, 18);1;5142
21;0.625;MoveSouthWest;(9, 19);MoveWest;(11, 18);1;5143
21;0.625;MoveSouthWest;(9, 19);MoveWest;(11, 18);1;5144
21;0.625;MoveSouthWest;(9, 19);MoveWest;(11, 18);1;5145
21;0.625;MoveSouthWest;(9, 19);MoveWest;(11, 18);1;5146
21;0.625;MoveSouthWest;(9, 19);MoveWest;(10, 18);1;5147
21;0.625;MoveSouthWest;(9, 19);;(10, 18);1;5148
21;0.625;MoveSouthWest;(9, 19);MoveWest;(10, 18);1;5149
21;0.625;MoveSouthWest;(8, 20);MoveWest;(10, 18);1;5150
21;0.625;MoveSouthEast;(8, 20);MoveWest;(10, 18);1;5151
21;0.625;MoveSouthEast;(8, 20);MoveWest;(10, 18);1;5152
21;0.625;MoveSouthEast;(8, 20);MoveWest;(10, 18);1;5153
21;0.625;MoveSouthEast;(8, 20);MoveWest;(9, 18);1;5154
21;0.625;MoveSouthEast;(8, 20);;(9, 18);1;5155
21;0.625;MoveSouthEast;(8, 20);;(9, 18);1;5156
21;0.625;MoveSouthEast;(8, 20);;(9, 18);1;5157
21;0.625;MoveSouthEast;(8, 20);;(9, 18);1;5158
21;0.625;MoveSouthEast;(9, 21);;(9, 18);1;5159
21;0.625;MoveNorthEast;(9, 21);;(9, 18);1;5160
21;0.625;MoveNorthEast;(9, 21);;(9, 18);1;5161
21;0.625;MoveNorthEast;(9, 21);;(9, 18);1;5162
21;0.625;MoveNorthEast;(9, 21);;(9, 18);1;5163
21;0.625;MoveNorthEast;(9, 21);;(9, 18);1;5164
21;0.625;MoveNorthEast;(9, 21);;(9, 18);1;5165
21;0.625;MoveNorthEast;(9, 21);;(9, 18);1;5166
21;0.625;MoveNorthEast;(9, 21);;(9, 18);1;5167
21;0.625;MoveNorthEast;(10, 20);;(9, 18);1;5168
21;0.625;Idle;(10, 20);;(9, 18);1;5169
21;0.625;Idle;(10, 20);;(9, 18);1;5170
21;0.625;Idle;(10, 20);;(9, 18);1;5171
21;0.625;Idle;(10, 20);;(9, 18);1;5172
21;0.625;Idle;(10, 20);;(9, 18);1;5173
21;0.625;Idle;(10, 20);MoveWest;(8, 18);1;5174
21;0.625;Idle;(10, 20);;(8, 18);1;5175
21;0.625;Idle;(10, 20);;(8, 18);1;5176
21;0.625;Idle;(10, 20);;(8, 18);1;5177
21;0.625;Idle;(10, 20);;(8, 18);1;5178
21;0.625;Idle;(10, 20);;(8, 18);1;5179
21;0.625;Idle;(10, 20);;(8, 18);1;5180
21;0.625;Idle;(10, 20);;(8, 18);1;5181
21;0.625;Idle;(10, 20);;(8, 18);1;5182
21;0.625;Idle;(10, 20);;(8, 18);1;5183
21;0.625;Idle;(10, 20);;(8, 18);1;5184
21;0.625;Idle;(10, 20);;(8, 18);1;5185
21;0.625;Idle;(10, 20);;(8, 18);1;5186
21;0.625;Idle;(10, 20);;(8, 18);1;5187
21;0.625;Idle;(10, 20);;(8, 18);1;5188
21;0.625;Idle;(10, 20);;(8, 18);1;5189
21;0.625;Idle;(10, 20);;(8, 18);1;5190
21;0.625;Idle;(10, 20);;(8, 18);1;5191
21;0.625;Idle;(10, 20);;(8, 18);1;5192
21;0.625;Idle;(10, 20);;(8, 18);1;5193
21;0.625;Idle;(10, 20);;(8, 18);1;5194
21;0.625;MoveNorthWest;(10, 20);;(8, 18);1;5195
21;0.625;MoveNorthWest;(10, 20);;(8, 18);1;5196
21;0.625;MoveNorthWest;(10, 20);;(8, 18);1;5197
21;0.625;MoveNorthWest;(10, 20);;(8, 18);1;5198
21;0.625;MoveNorthWest;(10, 20);;(8, 18);1;5199
21;0.625;MoveNorthWest;(10, 20);;(8, 18);1;5200
21;0.625;MoveNorthWest;(10, 20);;(8, 18);1;5201
21;0.625;MoveNorthWest;(10, 20);;(8, 18);1;5202
21;0.625;MoveNorthWest;(9, 19);;(8, 18);1;5203
21;0.625;MoveNorthEast;(9, 19);;(8, 18);1;5204
21;0.625;MoveNorthEast;(9, 19);;(8, 18);1;5205
21;0.625;MoveNorthEast;(9, 19);;(8, 18);1;5206
21;0.625;MoveNorthEast;(9, 19);;(8, 18);1;5207
21;0.625;MoveNorthEast;(9, 19);;(8, 18);1;5208
21;0.625;MoveNorthEast;(9, 19);;(8, 18);1;5209
21;0.625;MoveNorthEast;(9, 19);;(8, 18);1;5210
21;0.625;MoveNorthEast;(9, 19);;(8, 18);1;5211
21;0.625;MoveNorthEast;(10, 18);;(8, 18);1;5212
21;0.625;MoveEast;(10, 18);;(8, 18);1;5213
21;0.625;MoveEast;(10, 18);;(8, 18);1;5214
21;0.625;MoveEast;(10, 18);;(8, 18);1;5215
21;0.625;MoveEast;(10, 18);;(8, 18);1;5216
21;0.625;MoveEast;(10, 18);;(8, 18);1;5217
21;0.625;MoveEast;(10, 18);;(8, 18);1;5218
21;0.625;MoveEast;(10, 18);;(8, 18);1;5219
21;0.625;MoveEast;(10, 18);;(8, 18);1;5220
21;0.625;MoveEast;(10, 18);;(8, 18);1;5221
21;0.625;MoveEast;(10, 18);;(8, 18);1;5222
21;0.625;MoveEast;(10, 18);;(8, 18);1;5223
21;0.625;MoveEast;(10, 18);;(8, 18);1;5224
21;0.625;MoveEast;(10, 18);;(8, 18);1;5225
21;0.625;MoveEast;(11, 18);;(8, 18);1;5226
21;0.625;MoveEast;(11, 18);;(8, 18);1;5227
21;0.625;MoveEast;(11, 18);;(8, 18);1;5228
21;0.625;MoveEast;(11, 18);;(8, 18);1;5229
21;0.625;MoveEast;(11, 18);;(8, 18);1;5230
21;0.625;MoveEast;(11, 18);;(8, 18);1;5231
21;0.625;MoveEast;(11, 18);;(8, 18);1;5232
21;0.625;MoveEast;(11, 18);;(8, 18);1;5233
21;0.625;MoveEast;(11, 18);;(8, 18);1;5234
21;0.625;MoveEast;(11, 18);;(8, 18);1;5235
21;0.625;MoveEast;(11, 18);;(8, 18);1;5236
21;0.625;MoveEast;(11, 18);;(8, 18);1;5237
21;0.625;MoveEast;(11, 18);;(8, 18);1;5238
21;0.625;MoveEast;(11, 18);;(8, 18);1;5239
21;0.625;MoveEast;(12, 18);;(8, 18);1;5240
21;0.625;MoveEast;(12, 18);;(8, 18);1;5241
21;0.625;MoveEast;(12, 18);;(8, 18);1;5242
21;0.625;MoveEast;(12, 18);;(8, 18);1;5243
21;0.625;MoveEast;(12, 18);;(8, 18);1;5244
21;0.625;MoveEast;(12, 18);;(8, 18);1;5245
21;0.625;MoveEast;(12, 18);;(8, 18);1;5246
21;0.625;MoveEast;(12, 18);;(8, 18);1;5247
21;0.625;MoveEast;(12, 18);;(8, 18);1;5248
21;0.625;MoveEast;(12, 18);;(8, 18);1;5249
21;0.625;MoveEast;(12, 18);;(8, 18);1;5250
21;0.625;MoveEast;(12, 18);;(8, 18);1;5251
21;0.625;MoveEast;(12, 18);;(8, 18);1;5252
21;0.625;MoveEast;(12, 18);;(8, 18);1;5253
21;0.625;MoveEast;(13, 18);;(8, 18);1;5254
21;0.625;MoveEast;(13, 18);;(8, 18);1;5255
21;0.625;MoveEast;(13, 18);;(8, 18);1;5256
21;0.625;MoveEast;(13, 18);;(8, 18);1;5257
21;0.625;MoveEast;(13, 18);;(8, 18);1;5258
21;0.625;MoveEast;(13, 18);;(8, 18);1;5259
21;0.625;MoveEast;(13, 18);;(8, 18);1;5260
21;0.625;MoveEast;(13, 18);;(8, 18);1;5261
21;0.625;MoveEast;(13, 18);;(8, 18);1;5262
21;0.625;MoveEast;(13, 18);;(8, 18);1;5263
21;0.625;MoveEast;(13, 18);;(8, 18);1;5264
21;0.625;MoveEast;(13, 18);MoveEast;(9, 18);1;5265
21;0.625;MoveEast;(13, 18);;(9, 18);1;5266
21;0.625;MoveEast;(13, 18);;(9, 18);1;5267
21;0.625;MoveEast;(14, 18);;(9, 18);1;5268
21;0.625;MoveEast;(14, 18);;(9, 18);1;5269
21;0.625;MoveEast;(14, 18);;(9, 18);1;5270
21;0.625;MoveEast;(14, 18);;(9, 18);1;5271
21;0.625;MoveEast;(14, 18);;(9, 18);1;5272
21;0.625;MoveEast;(14, 18);MoveEast;(10, 18);1;5273
21;0.625;MoveEast;(14, 18);;(10, 18);1;5274
21;0.625;MoveEast;(14, 18);;(10, 18);1;5275
21;0.625;MoveEast;(14, 18);;(10, 18);1;5276
21;0.625;MoveEast;(14, 18);;(10, 18);1;5277
21;0.625;MoveEast;(14, 18);MoveEast;(10, 18);1;5278
21;0.625;MoveEast;(14, 18);MoveEast;(10, 18);1;5279
21;0.625;MoveEast;(14, 18);MoveEast;(10, 18);1;5280
21;0.625;MoveEast;(14, 18);MoveEast;(10, 18);1;5281
21;0.625;MoveEast;(15, 18);MoveEast;(10, 18);1;5282
21;0.625;;(15, 18);MoveEast;(11, 18);1;5283
21;0.625;;(15, 18);;(11, 18);1;5284
21;0.625;;(15, 18);;(11, 18);1;5285
21;0.625;;(15, 18);;(11, 18);1;5286
21;0.625;;(15, 18);MoveEast;(11, 18);1;5287
21;0.625;;(15, 18);MoveEast;(11, 18);1;5288
21;0.625;;(15, 18);MoveEast;(11, 18);1;5289
21;0.625;;(15, 18);MoveEast;(11, 18);1;5290
21;0.625;;(15, 18);MoveEast;(11, 18);1;5291
21;0.625;;(15, 18);MoveEast;(12, 18);1;5292
21;0.625;;(15, 18);;(12, 18);1;5293
21;0.625;;(15, 18);;(12, 18);1;5294
21;0.625;;(15, 18);MoveEast;(12, 18);1;5295
21;0.625;;(15, 18);MoveEast;(12, 18);1;5296
21;0.625;;(15, 18);MoveEast;(12, 18);1;5297
21;0.625;;(15, 18);MoveEast;(12, 18);1;5298
21;0.625;;(15, 18);MoveEast;(12, 18);1;5299
21;0.625;;(15, 18);MoveEast;(13, 18);1;5300
21;0.625;;(15, 18);;(13, 18);1;5301
21;0.625;;(15, 18);;(13, 18);1;5302
21;0.625;;(15, 18);;(13, 18);1;5303
21;0.625;;(15, 18);;(13, 18);1;5304
21;0.625;;(15, 18);;(13, 18);1;5305
21;0.625;;(15, 18);;(13, 18);1;5306
21;0.625;;(15, 18);;(13, 18);1;5307
21;0.625;;(15, 18);;(13, 18);1;5308
21;0.625;;(15, 18);;(13, 18);1;5309
21;0.625;;(15, 18);;(13, 18);1;5310
21;0.625;;(15, 18);;(13, 18);1;5311
21;0.625;;(15, 18);;(13, 18);1;5312
21;0.625;;(15, 18);;(13, 18);1;5313
21;0.625;;(15, 18);;(13, 18);1;5314
21;0.625;;(15, 18);;(13, 18);1;5315
21;0.625;;(15, 18);;(13, 18);1;5316
21;0.625;;(15, 18);;(13, 18);1;5317
21;0.625;;(15, 18);;(13, 18);1;5318
21;0.625;;(15, 18);;(13, 18);1;5319
21;0.625;;(15, 18);;(13, 18);1;5320
21;0.625;;(15, 18);;(13, 18);1;5321
21;0.625;;(15, 18);;(13, 18);1;5322
21;0.625;;(15, 18);;(13, 18);1;5323
21;0.625;;(15, 18);;(13, 18);1;5324
21;0.625;;(15, 18);;(13, 18);1;5325
21;0.625;;(15, 18);;(13, 18);1;5326
21;0.625;;(15, 18);;(13, 18);1;5327
21;0.625;;(15, 18);;(13, 18);1;5328
21;0.625;;(15, 18);;(13, 18);1;5329
21;0.625;;(15, 18);;(13, 18);1;5330
21;0.625;;(15, 18);;(13, 18);1;5331
21;0.625;;(15, 18);;(13, 18);1;5332
21;0.625;;(15, 18);;(13, 18);1;5333
21;0.625;;(15, 18);;(13, 18);1;5334
21;0.625;;(15, 18);;(13, 18);1;5335
21;0.625;;(15, 18);;(13, 18);1;5336
21;0.625;RemoveObject;(15, 18);;(13, 18);1;5337
21;0.625;RemoveObject;(15, 18);;(13, 18);1;5338
21;0.625;RemoveObject;(15, 18);;(13, 18);1;5339
21;0.625;RemoveObject;(15, 18);;(13, 18);1;5340
21;0.625;RemoveObject;(15, 18);;(13, 18);1;5341
21;0.625;RemoveObject;(15, 18);;(13, 18);1;5342
21;0.625;RemoveObject;(15, 18);;(13, 18);1;5343
21;0.625;RemoveObject;(15, 18);;(13, 18);1;5344
21;0.625;RemoveObject;(15, 18);;(13, 18);1;5345
21;0.625;RemoveObject;(15, 18);;(13, 18);1;5346
21;0.625;RemoveObject;(15, 18);;(13, 18);1;5347
21;0.625;RemoveObject;(15, 18);;(13, 18);1;5348
21;0.625;RemoveObject;(15, 18);;(13, 18);1;5349
21;0.625;RemoveObject;(15, 18);;(13, 18);1;5350
21;0.625;RemoveObject;(15, 18);;(13, 18);1;5351
21;0.625;RemoveObject;(15, 18);;(13, 18);1;5352
21;0.625;RemoveObject;(15, 18);;(13, 18);1;5353
21;0.625;RemoveObject;(15, 18);;(13, 18);1;5354
21;0.625;RemoveObject;(15, 18);;(13, 18);1;5355
21;0.625;RemoveObject;(15, 18);;(13, 18);1;5356
21;0.625;RemoveObject;(15, 18);;(13, 18);1;5357
21;0.625;RemoveObject;(15, 18);;(13, 18);1;5358
21;0.625;RemoveObject;(15, 18);;(13, 18);1;5359
21;0.625;RemoveObject;(15, 18);;(13, 18);1;5360
21;0.625;RemoveObject;(15, 18);;(13, 18);1;5361
21;0.625;RemoveObject;(15, 18);;(13, 18);1;5362
21;0.625;RemoveObject;(15, 18);;(13, 18);1;5363
21;0.625;RemoveObject;(15, 18);;(13, 18);1;5364
21;0.625;RemoveObject;(15, 18);;(13, 18);1;5365
21;0.625;RemoveObject;(15, 18);;(13, 18);1;5366
21;0.625;RemoveObject;(15, 18);;(13, 18);1;5367
21;0.625;RemoveObject;(15, 18);;(13, 18);1;5368
21;0.625;RemoveObject;(15, 18);;(13, 18);1;5369
21;0.625;RemoveObject;(15, 18);;(13, 18);1;5370
21;0.625;RemoveObject;(15, 18);;(13, 18);1;5371
21;0.625;RemoveObject;(15, 18);;(13, 18);1;5372
21;0.625;RemoveObject;(15, 18);;(13, 18);1;5373
21;0.625;RemoveObject;(15, 18);;(13, 18);1;5374
21;0.625;RemoveObject;(15, 18);;(13, 18);1;5375
21;0.625;RemoveObject;(15, 18);;(13, 18);1;5376
21;0.625;RemoveObject;(15, 18);;(13, 18);1;5377
21;0.625;RemoveObject;(15, 18);;(13, 18);1;5378
21;0.625;RemoveObject;(15, 18);;(13, 18);1;5379
21;0.625;RemoveObject;(15, 18);;(13, 18);1;5380
21;0.625;RemoveObject;(15, 18);;(13, 18);1;5381
21;0.625;RemoveObject;(15, 18);;(13, 18);1;5382
21;0.625;RemoveObject;(15, 18);;(13, 18);1;5383
21;0.625;RemoveObject;(15, 18);;(13, 18);1;5384
21;0.625;RemoveObject;(15, 18);;(13, 18);1;5385
21;0.625;RemoveObject;(15, 18);;(13, 18);1;5386
21;0.625;RemoveObject;(15, 18);;(13, 18);1;5387
21;0.625;RemoveObject;(15, 18);;(13, 18);1;5388
21;0.625;RemoveObject;(15, 18);;(13, 18);1;5389
21;0.625;RemoveObject;(15, 18);;(13, 18);1;5390
21;0.625;RemoveObject;(15, 18);;(13, 18);1;5391
21;0.625;RemoveObject;(15, 18);;(13, 18);1;5392
21;0.625;RemoveObject;(15, 18);;(13, 18);1;5393
21;0.625;RemoveObject;(15, 18);;(13, 18);1;5394
21;0.625;RemoveObject;(15, 18);;(13, 18);1;5395
21;0.625;RemoveObject;(15, 18);;(13, 18);1;5396
21;0.625;RemoveObject;(15, 18);;(13, 18);1;5397
21;0.625;RemoveObject;(15, 18);;(13, 18);1;5398
21;0.625;RemoveObject;(15, 18);;(13, 18);1;5399
21;0.625;RemoveObject;(15, 18);;(13, 18);1;5400
21;0.625;RemoveObject;(15, 18);;(13, 18);1;5401
21;0.625;RemoveObject;(15, 18);;(13, 18);1;5402
21;0.625;RemoveObject;(15, 18);MoveWest;(13, 18);1;5403
21;0.625;RemoveObject;(15, 18);MoveWest;(13, 18);1;5404
21;0.625;RemoveObject;(15, 18);MoveWest;(13, 18);1;5405
21;0.625;RemoveObject;(15, 18);MoveWest;(13, 18);1;5406
21;0.625;RemoveObject;(15, 18);MoveWest;(13, 18);1;5407
21;0.625;RemoveObject;(15, 18);MoveWest;(12, 18);1;5408
21;0.625;RemoveObject;(15, 18);;(12, 18);1;5409
21;0.625;RemoveObject;(15, 18);;(12, 18);1;5410
21;0.625;RemoveObject;(15, 18);MoveWest;(12, 18);1;5411
21;0.625;RemoveObject;(15, 18);MoveWest;(12, 18);1;5412
21;0.625;RemoveObject;(15, 18);MoveWest;(12, 18);1;5413
21;0.625;RemoveObject;(15, 18);MoveWest;(12, 18);1;5414
21;0.625;RemoveObject;(15, 18);MoveWest;(12, 18);1;5415
21;0.625;RemoveObject;(15, 18);MoveWest;(11, 18);1;5416
21;0.625;RemoveObject;(15, 18);MoveWest;(11, 18);1;5417
21;0.625;RemoveObject;(15, 18);MoveWest;(11, 18);1;5418
21;0.625;RemoveObject;(15, 18);MoveWest;(11, 18);1;5419
21;0.625;RemoveObject;(15, 18);MoveWest;(11, 18);1;5420
21;0.625;RemoveObject;(15, 18);MoveWest;(11, 18);1;5421
21;0.625;RemoveObject;(15, 18);MoveWest;(10, 18);1;5422
21;0.625;RemoveObject;(15, 18);;(10, 18);1;5423
21;0.625;RemoveObject;(15, 18);MoveWest;(10, 18);1;5424
21;0.625;RemoveObject;(15, 18);MoveWest;(10, 18);1;5425
21;0.625;RemoveObject;(15, 18);MoveWest;(10, 18);1;5426
21;0.625;RemoveObject;(15, 18);MoveWest;(10, 18);1;5427
21;0.625;RemoveObject;(15, 18);MoveWest;(10, 18);1;5428
21;0.625;RemoveObject;(15, 18);MoveWest;(9, 18);1;5429
21;0.625;RemoveObject;(15, 18);MoveWest;(8, 18);1;5430
21;0.625;RemoveObject;(15, 18);;(8, 18);1;5431
21;0.625;RemoveObject;(15, 18);;(8, 18);1;5432
21;0.625;RemoveObject;(15, 18);;(8, 18);1;5433
21;0.625;RemoveObject;(15, 18);;(8, 18);1;5434
21;0.625;RemoveObject;(15, 18);;(8, 18);1;5435
21;0.625;RemoveObject;(15, 18);;(8, 18);1;5436
21;0.625;RemoveObject;(15, 18);;(8, 18);1;5437
21;0.625;MoveSouth;(15, 18);;(8, 18);1;5438
21;0.625;MoveSouth;(15, 18);;(8, 18);1;5439
21;0.625;MoveSouth;(15, 18);;(8, 18);1;5440
21;0.625;MoveSouth;(15, 18);;(8, 18);1;5441
21;0.625;MoveSouth;(15, 18);;(8, 18);1;5442
21;0.625;MoveSouth;(15, 18);;(8, 18);1;5443
21;0.625;MoveSouth;(15, 18);;(8, 18);1;5444
21;0.625;MoveSouth;(15, 18);;(8, 18);1;5445
21;0.625;MoveSouth;(15, 19);;(8, 18);1;5446
21;0.625;MoveSouthWest;(15, 19);;(8, 18);1;5447
21;0.625;MoveSouthWest;(15, 19);;(8, 18);1;5448
21;0.625;MoveSouthWest;(15, 19);;(8, 18);1;5449
21;0.625;MoveSouthWest;(15, 19);;(8, 18);1;5450
21;0.625;MoveSouthWest;(15, 19);;(8, 18);1;5451
21;0.625;MoveSouthWest;(15, 19);;(8, 18);1;5452
21;0.625;MoveSouthWest;(15, 19);;(8, 18);1;5453
21;0.625;MoveSouthWest;(15, 19);;(8, 18);1;5454
21;0.625;MoveSouthWest;(14, 20);MoveNorth;(8, 17);1;5455
21;0.625;MoveSouthEast;(14, 20);;(8, 17);1;5456
21;0.625;MoveSouthEast;(14, 20);;(8, 17);1;5457
21;0.625;MoveSouthEast;(14, 20);;(8, 17);1;5458
21;0.625;MoveSouthEast;(14, 20);;(8, 17);1;5459
21;0.625;MoveSouthEast;(14, 20);;(8, 17);1;5460
21;0.625;MoveSouthEast;(14, 20);;(8, 17);1;5461
21;0.625;MoveSouthEast;(14, 20);;(8, 17);1;5462
21;0.625;MoveSouthEast;(14, 20);;(8, 17);1;5463
21;0.625;MoveSouthEast;(15, 21);;(8, 17);1;5464
21;0.625;MoveNorthEast;(15, 21);;(8, 17);1;5465
21;0.625;MoveNorthEast;(15, 21);;(8, 17);1;5466
21;0.625;MoveNorthEast;(15, 21);;(8, 17);1;5467
21;0.625;MoveNorthEast;(15, 21);;(8, 17);1;5468
21;0.625;MoveNorthEast;(15, 21);;(8, 17);1;5469
21;0.625;MoveNorthEast;(15, 21);;(8, 17);1;5470
21;0.625;MoveNorthEast;(15, 21);;(8, 17);1;5471
21;0.625;MoveNorthEast;(15, 21);;(8, 17);1;5472
21;0.625;MoveNorthEast;(16, 20);;(8, 17);1;5473
21;0.625;;(16, 20);;(8, 17);1;5474
21;0.625;;(16, 20);;(8, 17);1;5475
21;0.625;;(16, 20);;(8, 17);1;5476
21;0.625;;(16, 20);;(8, 17);1;5477
21;0.625;;(16, 20);;(8, 17);1;5478
21;0.625;;(16, 20);;(8, 17);1;5479
21;0.625;;(16, 20);;(8, 17);1;5480
21;0.625;;(16, 20);;(8, 17);1;5481
21;0.625;;(16, 20);;(8, 17);1;5482
21;0.625;;(16, 20);;(8, 17);1;5483
21;0.625;;(16, 20);;(8, 17);1;5484
21;0.625;;(16, 20);;(8, 17);1;5485
21;0.625;;(16, 20);;(8, 17);1;5486
21;0.625;;(16, 20);;(8, 17);1;5487
21;0.625;;(16, 20);;(8, 17);1;5488
21;0.625;;(16, 20);;(8, 17);1;5489
21;0.625;;(16, 20);;(8, 17);1;5490
21;0.625;;(16, 20);;(8, 17);1;5491
21;0.625;;(16, 20);;(8, 17);1;5492
21;0.625;;(16, 20);;(8, 17);1;5493
21;0.625;;(16, 20);;(8, 17);1;5494
21;0.625;;(16, 20);;(8, 17);1;5495
21;0.625;;(16, 20);;(8, 17);1;5496
21;0.625;;(16, 20);;(8, 17);1;5497
21;0.625;;(16, 20);;(8, 17);1;5498
21;0.625;;(16, 20);;(8, 17);1;5499
21;0.625;;(16, 20);;(8, 17);1;5500
21;0.625;;(16, 20);;(8, 17);1;5501
21;0.625;;(16, 20);;(8, 17);1;5502
21;0.625;;(16, 20);;(8, 17);1;5503
21;0.625;;(16, 20);;(8, 17);1;5504
21;0.625;;(16, 20);;(8, 17);1;5505
21;0.625;;(16, 20);;(8, 17);1;5506
21;0.625;;(16, 20);;(8, 17);1;5507
21;0.625;;(16, 20);;(8, 17);1;5508
21;0.625;;(16, 20);;(8, 17);1;5509
21;0.625;;(16, 20);;(8, 17);1;5510
21;0.625;;(16, 20);;(8, 17);1;5511
21;0.625;;(16, 20);;(8, 17);1;5512
21;0.625;;(16, 20);;(8, 17);1;5513
21;0.625;;(16, 20);;(8, 17);1;5514
21;0.625;;(16, 20);;(8, 17);1;5515
21;0.625;;(16, 20);;(8, 17);1;5516
21;0.625;;(16, 20);;(8, 17);1;5517
21;0.625;;(16, 20);;(8, 17);1;5518
21;0.625;;(16, 20);;(8, 17);1;5519
21;0.625;Idle;(16, 20);;(8, 17);1;5520
21;0.625;Idle;(16, 20);;(8, 17);1;5521
21;0.625;Idle;(16, 20);;(8, 17);1;5522
21;0.625;Idle;(16, 20);;(8, 17);1;5523
21;0.625;Idle;(16, 20);;(8, 17);1;5524
21;0.625;Idle;(16, 20);;(8, 17);1;5525
21;0.625;Idle;(16, 20);;(8, 17);1;5526
21;0.625;Idle;(16, 20);;(8, 17);1;5527
21;0.625;Idle;(16, 20);;(8, 17);1;5528
21;0.625;Idle;(16, 20);;(8, 17);1;5529
21;0.625;Idle;(16, 20);;(8, 17);1;5530
21;0.625;Idle;(16, 20);;(8, 17);1;5531
21;0.625;Idle;(16, 20);;(8, 17);1;5532
21;0.625;Idle;(16, 20);;(8, 17);1;5533
21;0.625;Idle;(16, 20);;(8, 17);1;5534
21;0.625;Idle;(16, 20);;(8, 17);1;5535
21;0.625;Idle;(16, 20);;(8, 17);1;5536
21;0.625;Idle;(16, 20);;(8, 17);1;5537
21;0.625;Idle;(16, 20);;(8, 17);1;5538
21;0.625;Idle;(16, 20);;(8, 17);1;5539
21;0.625;Idle;(16, 20);;(8, 17);1;5540
21;0.625;Idle;(16, 20);MoveEast;(8, 17);1;5541
21;0.625;Idle;(16, 20);MoveEast;(8, 17);1;5542
21;0.625;Idle;(16, 20);MoveEast;(8, 17);1;5543
21;0.625;Idle;(16, 20);MoveEast;(8, 17);1;5544
21;0.625;Idle;(16, 20);MoveEast;(8, 17);1;5545
21;0.625;MoveWest;(16, 20);MoveEast;(9, 17);1;5546
21;0.625;MoveWest;(16, 20);MoveEast;(10, 17);1;5547
21;0.625;MoveWest;(16, 20);MoveEast;(11, 17);1;5548
21;0.625;MoveWest;(16, 20);;(11, 17);1;5549
21;0.625;MoveWest;(16, 20);;(11, 17);1;5550
21;0.625;MoveWest;(16, 20);;(11, 17);1;5551
21;0.625;MoveWest;(16, 20);MoveEast;(12, 17);1;5552
21;0.625;MoveWest;(16, 20);;(12, 17);1;5553
21;0.625;MoveWest;(15, 20);;(12, 17);1;5554
21;0.625;MoveWest;(15, 20);;(12, 17);1;5555
21;0.625;MoveWest;(15, 20);;(12, 17);1;5556
21;0.625;MoveWest;(15, 20);MoveEast;(13, 17);1;5557
21;0.625;MoveWest;(15, 20);;(13, 17);1;5558
21;0.625;MoveWest;(15, 20);;(13, 17);1;5559
21;0.625;MoveWest;(15, 20);;(13, 17);1;5560
21;0.625;MoveWest;(15, 20);;(13, 17);1;5561
21;0.625;MoveWest;(15, 20);;(13, 17);1;5562
21;0.625;MoveWest;(14, 20);;(13, 17);1;5563
21;0.625;;(14, 20);;(13, 17);1;5564
21;0.625;;(14, 20);MoveEast;(14, 17);1;5565
21;0.625;;(14, 20);;(14, 17);1;5566
21;0.625;;(14, 20);;(14, 17);1;5567
21;0.625;;(14, 20);;(14, 17);1;5568
21;0.625;;(14, 20);;(14, 17);1;5569
21;0.625;;(14, 20);;(14, 17);1;5570
21;0.625;;(14, 20);;(14, 17);1;5571
21;0.625;;(14, 20);;(14, 17);1;5572
21;0.625;;(14, 20);;(14, 17);1;5573
21;0.625;;(14, 20);;(14, 17);1;5574
21;0.625;;(14, 20);;(14, 17);1;5575
21;0.625;;(14, 20);;(14, 17);1;5576
21;0.625;;(14, 20);;(14, 17);1;5577
21;0.625;;(14, 20);;(14, 17);1;5578
21;0.625;;(14, 20);;(14, 17);1;5579
21;0.625;;(14, 20);;(14, 17);1;5580
21;0.625;;(14, 20);;(14, 17);1;5581
21;0.625;;(14, 20);;(14, 17);1;5582
21;0.625;;(14, 20);;(14, 17);1;5583
21;0.625;;(14, 20);;(14, 17);1;5584
21;0.625;;(14, 20);;(14, 17);1;5585
21;0.625;;(14, 20);;(14, 17);1;5586
21;0.625;;(14, 20);;(14, 17);1;5587
21;0.625;;(14, 20);MoveEast;(14, 17);1;5588
21;0.625;;(14, 20);MoveEast;(14, 17);1;5589
21;0.625;;(14, 20);MoveEast;(14, 17);1;5590
21;0.625;;(14, 20);MoveEast;(14, 17);1;5591
21;0.625;;(14, 20);MoveEast;(14, 17);1;5592
21;0.625;;(14, 20);MoveEast;(15, 17);1;5593
21;0.625;;(14, 20);;(15, 17);1;5594
21;0.625;;(14, 20);;(15, 17);1;5595
21;0.625;;(14, 20);;(15, 17);1;5596
21;0.625;;(14, 20);;(15, 17);1;5597
21;0.625;;(14, 20);;(15, 17);1;5598
21;0.625;;(14, 20);;(15, 17);1;5599
21;0.625;;(14, 20);;(15, 17);1;5600
21;0.625;;(14, 20);;(15, 17);1;5601
21;0.625;;(14, 20);MoveSouth;(15, 18);1;5602
21;0.625;;(14, 20);;(15, 18);1;5603
21;0.625;;(14, 20);;(15, 18);1;5604
21;0.625;;(14, 20);;(15, 18);1;5605
21;0.625;;(14, 20);;(15, 18);1;5606
21;0.625;;(14, 20);;(15, 18);1;5607
21;0.625;;(14, 20);;(15, 18);1;5608
21;0.625;;(14, 20);;(15, 18);1;5609
21;0.625;;(14, 20);MoveSouth;(15, 19);1;5610
21;0.625;;(14, 20);;(15, 19);1;5611
21;0.625;;(14, 20);;(15, 19);1;5612
21;0.625;;(14, 20);;(15, 19);1;5613
21;0.625;;(14, 20);;(15, 19);1;5614
21;0.625;;(14, 20);;(15, 19);1;5615
21;0.625;;(14, 20);;(15, 19);1;5616
21;0.625;;(14, 20);;(15, 19);1;5617
21;0.625;;(14, 20);MoveSouth;(15, 20);1;5618
21;0.625;;(14, 20);;(15, 20);1;5619
21;0.625;;(14, 20);;(15, 20);1;5620
21;0.625;;(14, 20);;(15, 20);1;5621
21;0.625;;(14, 20);;(15, 20);1;5622
21;0.625;;(14, 20);;(15, 20);1;5623
21;0.625;;(14, 20);;(15, 20);1;5624
21;0.625;;(14, 20);;(15, 20);1;5625
21;0.625;;(14, 20);;(15, 20);1;5626
21;0.625;;(14, 20);;(15, 20);1;5627
21;0.625;;(14, 20);;(15, 20);1;5628
21;0.625;;(14, 20);;(15, 20);1;5629
21;0.625;;(14, 20);;(15, 20);1;5630
21;0.625;;(14, 20);;(15, 20);1;5631
21;0.625;;(14, 20);;(15, 20);1;5632
21;0.625;;(14, 20);;(15, 20);1;5633
21;0.625;;(14, 20);;(15, 20);1;5634
21;0.625;;(14, 20);;(15, 20);1;5635
21;0.625;;(14, 20);MoveWest;(14, 20);1;5636
21;0.625;;(14, 20);;(14, 20);1;5637
21;0.625;;(14, 20);;(14, 20);1;5638
21;0.625;;(14, 20);;(14, 20);1;5639
21;0.625;;(14, 20);;(14, 20);1;5640
21;0.625;;(14, 20);;(14, 20);1;5641
21;0.625;;(14, 20);;(14, 20);1;5642
21;0.625;;(14, 20);;(14, 20);1;5643
21;0.625;;(14, 20);;(14, 20);1;5644
21;0.625;;(14, 20);;(14, 20);1;5645
21;0.625;;(14, 20);;(14, 20);1;5646
21;0.625;;(14, 20);;(14, 20);1;5647
21;0.625;;(14, 20);;(14, 20);1;5648
21;0.625;;(14, 20);;(14, 20);1;5649
21;0.625;;(14, 20);;(14, 20);1;5650
21;0.625;;(14, 20);;(14, 20);1;5651
21;0.625;;(14, 20);;(14, 20);1;5652
21;0.625;;(14, 20);;(14, 20);1;5653
21;0.625;;(14, 20);;(14, 20);1;5654
21;0.625;;(14, 20);;(14, 20);1;5655
21;0.625;;(14, 20);;(14, 20);1;5656
21;0.625;;(14, 20);;(14, 20);1;5657
21;0.625;;(14, 20);;(14, 20);1;5658
21;0.625;;(14, 20);;(14, 20);1;5659
21;0.625;;(14, 20);;(14, 20);1;5660
21;0.625;;(14, 20);;(14, 20);1;5661
21;0.625;;(14, 20);;(14, 20);1;5662
21;0.625;;(14, 20);;(14, 20);1;5663
21;0.625;;(14, 20);;(14, 20);1;5664
21;0.625;;(14, 20);;(14, 20);1;5665
21;0.625;;(14, 20);;(14, 20);1;5666
21;0.625;;(14, 20);;(14, 20);1;5667
21;0.625;;(14, 20);;(14, 20);1;5668
21;0.625;;(14, 20);;(14, 20);1;5669
21;0.625;;(14, 20);;(14, 20);1;5670
21;0.625;;(14, 20);;(14, 20);1;5671
21;0.625;;(14, 20);;(14, 20);1;5672
21;0.625;;(14, 20);;(14, 20);1;5673
21;0.625;;(14, 20);;(14, 20);1;5674
21;0.625;;(14, 20);;(14, 20);1;5675
21;0.625;;(14, 20);;(14, 20);1;5676
21;0.625;;(14, 20);;(14, 20);1;5677
21;0.625;;(14, 20);;(14, 20);1;5678
21;0.625;;(14, 20);;(14, 20);1;5679
21;0.625;;(14, 20);;(14, 20);1;5680
21;0.625;;(14, 20);;(14, 20);1;5681
21;0.625;;(14, 20);;(14, 20);1;5682
21;0.625;;(14, 20);;(14, 20);1;5683
21;0.625;;(14, 20);;(14, 20);1;5684
21;0.625;;(14, 20);CarryObjectTogether;(14, 20);1;5685
21;0.625;;(14, 20);;(14, 20);1;5686
21;0.625;;(14, 20);;(14, 20);1;5687
21;0.625;;(14, 20);;(14, 20);1;5688
21;0.625;;(14, 20);;(14, 20);1;5689
21;0.625;;(14, 20);;(14, 20);1;5690
21;0.625;;(14, 20);;(14, 20);1;5691
21;0.625;;(14, 20);;(14, 20);1;5692
21;0.625;;(14, 20);;(14, 20);1;5693
21;0.625;;(14, 20);;(14, 20);1;5694
21;0.625;;(14, 20);;(14, 20);1;5695
21;0.625;;(14, 20);;(14, 20);1;5696
21;0.625;;(14, 20);;(14, 20);1;5697
21;0.625;;(14, 20);MoveEast;(15, 20);1;5698
21;0.625;;(14, 20);;(15, 20);1;5699
21;0.625;;(14, 20);;(15, 20);1;5700
21;0.625;;(14, 20);;(15, 20);1;5701
21;0.625;;(14, 20);;(15, 20);1;5702
21;0.625;;(14, 20);;(15, 20);1;5703
21;0.625;;(14, 20);;(15, 20);1;5704
21;0.625;;(14, 20);;(15, 20);1;5705
21;0.625;;(14, 20);;(15, 20);1;5706
21;0.625;;(14, 20);;(15, 20);1;5707
21;0.625;;(14, 20);;(15, 20);1;5708
21;0.625;;(14, 20);;(15, 20);1;5709
21;0.625;;(14, 20);;(15, 20);1;5710
21;0.625;;(14, 20);MoveNorth;(15, 19);1;5711
21;0.625;;(14, 20);;(15, 19);1;5712
21;0.625;;(14, 20);;(15, 19);1;5713
21;0.625;;(14, 20);;(15, 19);1;5714
21;0.625;;(14, 20);;(15, 19);1;5715
21;0.625;;(14, 20);;(15, 19);1;5716
21;0.625;;(14, 20);;(15, 19);1;5717
21;0.625;;(14, 20);;(15, 19);1;5718
21;0.625;;(14, 20);;(15, 19);1;5719
21;0.625;;(14, 20);MoveNorth;(15, 18);1;5720
21;0.625;;(14, 20);;(15, 18);1;5721
21;0.625;;(14, 20);;(15, 18);1;5722
21;0.625;;(14, 20);;(15, 18);1;5723
21;0.625;;(14, 20);;(15, 18);1;5724
21;0.625;;(14, 20);;(15, 18);1;5725
21;0.625;;(14, 20);;(15, 18);1;5726
21;0.625;;(14, 20);;(15, 18);1;5727
21;0.625;;(14, 20);;(15, 18);1;5728
21;0.625;;(14, 20);MoveEast;(16, 18);1;5729
21;0.625;;(14, 20);;(16, 18);1;5730
21;0.625;;(14, 20);;(16, 18);1;5731
21;0.625;;(14, 20);;(16, 18);1;5732
21;0.625;;(14, 20);;(16, 18);1;5733
21;0.625;;(14, 20);;(16, 18);1;5734
21;0.625;;(14, 20);;(16, 18);1;5735
21;0.625;;(14, 20);;(16, 18);1;5736
21;0.625;;(14, 20);MoveEast;(17, 18);1;5737
21;0.625;;(14, 20);;(17, 18);1;5738
21;0.625;;(14, 20);;(17, 18);1;5739
21;0.625;;(14, 20);;(17, 18);1;5740
21;0.625;;(14, 20);;(17, 18);1;5741
21;0.625;;(14, 20);;(17, 18);1;5742
21;0.625;;(14, 20);MoveEast;(18, 18);1;5743
21;0.625;;(14, 20);;(18, 18);1;5744
21;0.625;;(14, 20);;(18, 18);1;5745
21;0.625;;(14, 20);;(18, 18);1;5746
21;0.625;;(14, 20);;(18, 18);1;5747
21;0.625;;(14, 20);;(18, 18);1;5748
21;0.625;;(14, 20);;(18, 18);1;5749
21;0.625;;(14, 20);MoveEast;(19, 18);1;5750
21;0.625;;(14, 20);;(19, 18);1;5751
21;0.625;;(14, 20);;(19, 18);1;5752
21;0.625;;(14, 20);;(19, 18);1;5753
21;0.625;;(14, 20);MoveEast;(20, 18);1;5754
21;0.625;;(14, 20);;(20, 18);1;5755
21;0.625;;(14, 20);;(20, 18);1;5756
21;0.625;;(14, 20);;(20, 18);1;5757
21;0.625;;(14, 20);;(20, 18);1;5758
21;0.625;;(14, 20);MoveEast;(20, 18);1;5759
21;0.625;;(14, 20);MoveEast;(20, 18);1;5760
21;0.625;;(14, 20);MoveEast;(20, 18);1;5761
21;0.625;;(14, 20);MoveEast;(20, 18);1;5762
21;0.625;;(14, 20);MoveEast;(20, 18);1;5763
21;0.625;;(14, 20);MoveEast;(21, 18);1;5764
21;0.625;;(14, 20);;(21, 18);1;5765
21;0.625;;(14, 20);;(21, 18);1;5766
21;0.625;;(14, 20);;(21, 18);1;5767
21;0.625;;(14, 20);;(21, 18);1;5768
21;0.625;;(14, 20);;(21, 18);1;5769
21;0.625;;(14, 20);;(21, 18);1;5770
21;0.625;;(14, 20);MoveEast;(22, 18);1;5771
21;0.625;;(14, 20);;(22, 18);1;5772
21;0.625;;(14, 20);;(22, 18);1;5773
21;0.625;;(14, 20);;(22, 18);1;5774
21;0.625;;(14, 20);;(22, 18);1;5775
21;0.625;;(14, 20);;(22, 18);1;5776
21;0.625;;(14, 20);;(22, 18);1;5777
21;0.625;;(14, 20);;(22, 18);1;5778
21;0.625;;(14, 20);;(22, 18);1;5779
21;0.625;;(14, 20);;(22, 18);1;5780
21;0.625;;(14, 20);;(22, 18);1;5781
21;0.625;;(14, 20);;(22, 18);1;5782
21;0.625;;(14, 20);;(22, 18);1;5783
21;0.625;;(14, 20);;(22, 18);1;5784
21;0.625;;(14, 20);;(22, 18);1;5785
21;0.625;;(14, 20);;(22, 18);1;5786
21;0.625;;(14, 20);MoveEast;(23, 18);1;5787
21;0.625;;(14, 20);;(23, 18);1;5788
21;0.625;;(14, 20);;(23, 18);1;5789
21;0.625;;(14, 20);;(23, 18);1;5790
21;0.625;;(14, 20);;(23, 18);1;5791
21;0.625;;(14, 20);;(23, 18);1;5792
21;0.625;;(14, 20);;(23, 18);1;5793
21;0.625;;(14, 20);;(23, 18);1;5794
21;0.625;;(14, 20);;(23, 18);1;5795
21;0.625;;(14, 20);;(23, 18);1;5796
21;0.625;;(14, 20);;(23, 18);1;5797
21;0.625;;(14, 20);;(23, 18);1;5798
21;0.625;;(14, 20);;(23, 18);1;5799
21;0.625;;(14, 20);;(23, 18);1;5800
21;0.625;;(14, 20);;(23, 18);1;5801
21;0.625;;(14, 20);;(23, 18);1;5802
21;0.625;;(14, 20);;(23, 18);1;5803
21;0.625;;(14, 20);;(23, 18);1;5804
21;0.625;;(14, 20);;(23, 18);1;5805
21;0.625;;(14, 20);;(23, 18);1;5806
21;0.625;;(14, 20);;(23, 18);1;5807
21;0.625;;(14, 20);;(23, 18);1;5808
21;0.625;;(14, 20);;(23, 18);1;5809
21;0.625;;(14, 20);;(23, 18);1;5810
21;0.625;;(14, 20);;(23, 18);1;5811
21;0.625;;(14, 20);;(23, 18);1;5812
21;0.625;;(14, 20);;(23, 18);1;5813
21;0.625;;(14, 20);;(23, 18);1;5814
21;0.625;;(14, 20);;(23, 18);1;5815
21;0.625;;(14, 20);;(23, 18);1;5816
21;0.625;;(14, 20);;(23, 18);1;5817
21;0.625;;(14, 20);;(23, 18);1;5818
21;0.625;;(14, 20);;(23, 18);1;5819
21;0.625;;(14, 20);;(23, 18);1;5820
21;0.625;;(14, 20);;(23, 18);1;5821
21;0.625;;(14, 20);;(23, 18);1;5822
21;0.625;;(14, 20);MoveNorth;(23, 17);1;5823
21;0.625;;(14, 20);;(23, 17);1;5824
21;0.625;;(14, 20);;(23, 17);1;5825
21;0.625;;(14, 20);;(23, 17);1;5826
21;0.625;;(14, 20);;(23, 17);1;5827
21;0.625;;(14, 20);;(23, 17);1;5828
21;0.625;;(14, 20);MoveNorth;(23, 16);1;5829
21;0.625;;(14, 20);;(23, 16);1;5830
21;0.625;;(14, 20);;(23, 16);1;5831
21;0.625;;(14, 20);;(23, 16);1;5832
21;0.625;;(14, 20);MoveNorth;(23, 15);1;5833
21;0.625;;(14, 20);;(23, 15);1;5834
21;0.625;;(14, 20);;(23, 15);1;5835
21;0.625;;(14, 20);;(23, 15);1;5836
21;0.625;;(14, 20);;(23, 15);1;5837
21;0.625;;(14, 20);;(23, 15);1;5838
21;0.625;;(14, 20);;(23, 15);1;5839
21;0.625;;(14, 20);MoveNorth;(23, 14);1;5840
21;0.625;;(14, 20);;(23, 14);1;5841
21;0.625;;(14, 20);MoveNorth;(23, 13);1;5842
21;0.625;;(14, 20);;(23, 13);1;5843
21;0.625;;(14, 20);;(23, 13);1;5844
21;0.625;;(14, 20);;(23, 13);1;5845
21;0.625;;(14, 20);;(23, 13);1;5846
21;0.625;;(14, 20);;(23, 13);1;5847
21;0.625;;(14, 20);;(23, 13);1;5848
21;0.625;;(14, 20);;(23, 13);1;5849
21;0.625;;(14, 20);;(23, 13);1;5850
21;0.625;;(14, 20);;(23, 13);1;5851
21;0.625;;(14, 20);;(23, 13);1;5852
21;0.625;;(14, 20);;(23, 13);1;5853
21;0.625;;(14, 20);;(23, 13);1;5854
21;0.625;;(14, 20);;(23, 13);1;5855
21;0.625;;(14, 20);;(23, 13);1;5856
21;0.625;;(14, 20);;(23, 13);1;5857
21;0.625;;(14, 20);;(23, 13);1;5858
21;0.625;;(14, 20);;(23, 13);1;5859
21;0.625;;(14, 20);;(23, 13);1;5860
21;0.625;;(14, 20);;(23, 13);1;5861
21;0.625;;(14, 20);;(23, 13);1;5862
21;0.625;;(14, 20);;(23, 13);1;5863
21;0.625;;(14, 20);;(23, 13);1;5864
21;0.625;;(14, 20);;(23, 13);1;5865
21;0.625;;(14, 20);;(23, 13);1;5866
21;0.625;;(14, 20);;(23, 13);1;5867
21;0.625;;(14, 20);;(23, 13);1;5868
21;0.625;;(14, 20);;(23, 13);1;5869
21;0.625;;(14, 20);;(23, 13);1;5870
21;0.625;;(14, 20);;(23, 13);1;5871
21;0.625;;(14, 20);;(23, 13);1;5872
21;0.625;;(14, 20);;(23, 13);1;5873
21;0.625;;(14, 20);;(23, 13);1;5874
21;0.625;;(14, 20);;(23, 13);1;5875
21;0.625;;(14, 20);;(23, 13);1;5876
21;0.625;;(14, 20);;(23, 13);1;5877
21;0.625;;(14, 20);;(23, 13);1;5878
21;0.625;;(14, 20);;(23, 13);1;5879
21;0.625;;(14, 20);;(23, 13);1;5880
21;0.625;;(14, 20);;(23, 13);1;5881
21;0.625;;(14, 20);;(23, 13);1;5882
21;0.625;;(14, 20);;(23, 13);1;5883
21;0.625;;(14, 20);;(23, 13);1;5884
21;0.625;;(14, 20);;(23, 13);1;5885
21;0.625;;(14, 20);;(23, 13);1;5886
24;0.75;;(23, 13);DropObjectTogether;(23, 13);1;5887
24;0.75;MoveSouthWest;(23, 13);;(23, 13);1;5888
24;0.75;MoveSouthWest;(23, 13);;(23, 13);1;5889
24;0.75;MoveSouthWest;(23, 13);;(23, 13);1;5890
24;0.75;MoveSouthWest;(23, 13);;(23, 13);1;5891
24;0.75;MoveSouthWest;(23, 13);;(23, 13);1;5892
24;0.75;MoveSouthWest;(23, 13);;(23, 13);1;5893
24;0.75;MoveSouthWest;(23, 13);;(23, 13);1;5894
24;0.75;MoveSouthWest;(23, 13);;(23, 13);1;5895
24;0.75;MoveSouthWest;(22, 14);;(23, 13);1;5896
24;0.75;MoveWest;(22, 14);;(23, 13);1;5897
24;0.75;MoveWest;(22, 14);;(23, 13);1;5898
24;0.75;MoveWest;(22, 14);;(23, 13);1;5899
24;0.75;MoveWest;(22, 14);;(23, 13);1;5900
24;0.75;MoveWest;(22, 14);;(23, 13);1;5901
24;0.75;MoveWest;(22, 14);;(23, 13);1;5902
24;0.75;MoveWest;(22, 14);;(23, 13);1;5903
24;0.75;MoveWest;(22, 14);;(23, 13);1;5904
24;0.75;MoveWest;(21, 14);;(23, 13);1;5905
24;0.75;MoveSouthWest;(21, 14);MoveWest;(22, 13);1;5906
24;0.75;MoveSouthWest;(21, 14);;(22, 13);1;5907
24;0.75;MoveSouthWest;(21, 14);;(22, 13);1;5908
24;0.75;MoveSouthWest;(21, 14);;(22, 13);1;5909
24;0.75;MoveSouthWest;(21, 14);;(22, 13);1;5910
24;0.75;MoveSouthWest;(21, 14);;(22, 13);1;5911
24;0.75;MoveSouthWest;(21, 14);;(22, 13);1;5912
24;0.75;MoveSouthWest;(21, 14);;(22, 13);1;5913
24;0.75;MoveSouthWest;(20, 15);MoveWest;(21, 13);1;5914
24;0.75;MoveWest;(20, 15);;(21, 13);1;5915
24;0.75;MoveWest;(20, 15);;(21, 13);1;5916
24;0.75;MoveWest;(20, 15);;(21, 13);1;5917
24;0.75;MoveWest;(20, 15);;(21, 13);1;5918
24;0.75;MoveWest;(20, 15);;(21, 13);1;5919
24;0.75;MoveWest;(20, 15);;(21, 13);1;5920
24;0.75;MoveWest;(20, 15);;(21, 13);1;5921
24;0.75;MoveWest;(20, 15);;(21, 13);1;5922
24;0.75;MoveWest;(19, 15);;(21, 13);1;5923
24;0.75;MoveSouthWest;(19, 15);MoveWest;(20, 13);1;5924
24;0.75;MoveSouthWest;(19, 15);;(20, 13);1;5925
24;0.75;MoveSouthWest;(19, 15);;(20, 13);1;5926
24;0.75;MoveSouthWest;(19, 15);;(20, 13);1;5927
24;0.75;MoveSouthWest;(19, 15);;(20, 13);1;5928
24;0.75;MoveSouthWest;(19, 15);;(20, 13);1;5929
24;0.75;MoveSouthWest;(19, 15);;(20, 13);1;5930
24;0.75;MoveSouthWest;(19, 15);;(20, 13);1;5931
24;0.75;MoveSouthWest;(18, 16);;(20, 13);1;5932
24;0.75;MoveSouthWest;(18, 16);;(20, 13);1;5933
24;0.75;MoveSouthWest;(18, 16);;(20, 13);1;5934
24;0.75;MoveSouthWest;(18, 16);;(20, 13);1;5935
24;0.75;MoveSouthWest;(18, 16);;(20, 13);1;5936
24;0.75;MoveSouthWest;(18, 16);;(20, 13);1;5937
24;0.75;MoveSouthWest;(18, 16);;(20, 13);1;5938
24;0.75;MoveSouthWest;(18, 16);;(20, 13);1;5939
24;0.75;MoveSouthWest;(18, 16);;(20, 13);1;5940
24;0.75;MoveSouthWest;(18, 16);;(20, 13);1;5941
24;0.75;MoveSouthWest;(18, 16);;(20, 13);1;5942
24;0.75;MoveSouthWest;(18, 16);MoveNorth;(20, 12);1;5943
24;0.75;MoveSouthWest;(18, 16);;(20, 12);1;5944
24;0.75;MoveSouthWest;(18, 16);;(20, 12);1;5945
24;0.75;MoveSouthWest;(17, 17);;(20, 12);1;5946
24;0.75;MoveWest;(17, 17);MoveNorth;(20, 11);1;5947
24;0.75;MoveWest;(17, 17);;(20, 11);1;5948
24;0.75;MoveWest;(17, 17);;(20, 11);1;5949
24;0.75;MoveWest;(17, 17);;(20, 11);1;5950
24;0.75;MoveWest;(17, 17);MoveNorth;(20, 10);1;5951
24;0.75;MoveWest;(17, 17);;(20, 10);1;5952
24;0.75;MoveWest;(17, 17);;(20, 10);1;5953
24;0.75;MoveWest;(17, 17);;(20, 10);1;5954
24;0.75;MoveWest;(17, 17);;(20, 10);1;5955
24;0.75;MoveWest;(17, 17);;(20, 10);1;5956
24;0.75;MoveWest;(17, 17);MoveNorth;(20, 9);1;5957
24;0.75;MoveWest;(17, 17);;(20, 9);1;5958
24;0.75;MoveWest;(17, 17);MoveNorth;(20, 8);1;5959
24;0.75;MoveWest;(16, 17);;(20, 8);1;5960
24;0.75;MoveWest;(16, 17);;(20, 8);1;5961
24;0.75;MoveWest;(16, 17);;(20, 8);1;5962
24;0.75;MoveWest;(16, 17);;(20, 8);1;5963
24;0.75;MoveWest;(16, 17);;(20, 8);1;5964
24;0.75;MoveWest;(16, 17);MoveNorth;(20, 7);1;5965
24;0.75;MoveWest;(16, 17);;(20, 7);1;5966
24;0.75;MoveWest;(16, 17);;(20, 7);1;5967
24;0.75;MoveWest;(16, 17);;(20, 7);1;5968
24;0.75;MoveWest;(16, 17);;(20, 7);1;5969
24;0.75;MoveWest;(16, 17);;(20, 7);1;5970
24;0.75;MoveWest;(16, 17);MoveNorth;(20, 6);1;5971
24;0.75;MoveWest;(16, 17);;(20, 6);1;5972
24;0.75;MoveWest;(16, 17);;(20, 6);1;5973
24;0.75;MoveWest;(15, 17);;(20, 6);1;5974
24;0.75;MoveNorth;(15, 17);;(20, 6);1;5975
24;0.75;MoveNorth;(15, 17);;(20, 6);1;5976
24;0.75;MoveNorth;(15, 17);;(20, 6);1;5977
24;0.75;MoveNorth;(15, 17);;(20, 6);1;5978
24;0.75;MoveNorth;(15, 17);;(20, 6);1;5979
24;0.75;MoveNorth;(15, 17);;(20, 6);1;5980
24;0.75;MoveNorth;(15, 17);MoveWest;(19, 6);1;5981
24;0.75;MoveNorth;(15, 17);;(19, 6);1;5982
24;0.75;MoveNorth;(15, 16);;(19, 6);1;5983
24;0.75;MoveNorthWest;(15, 16);;(19, 6);1;5984
24;0.75;MoveNorthWest;(15, 16);;(19, 6);1;5985
24;0.75;MoveNorthWest;(15, 16);;(19, 6);1;5986
24;0.75;MoveNorthWest;(15, 16);MoveWest;(19, 6);1;5987
24;0.75;MoveNorthWest;(15, 16);MoveWest;(19, 6);1;5988
24;0.75;MoveNorthWest;(15, 16);MoveWest;(19, 6);1;5989
24;0.75;MoveNorthWest;(15, 16);MoveWest;(19, 6);1;5990
24;0.75;MoveNorthWest;(15, 16);MoveWest;(19, 6);1;5991
24;0.75;MoveNorthWest;(14, 15);MoveWest;(18, 6);1;5992
24;0.75;MoveNorth;(14, 15);MoveWest;(17, 6);1;5993
24;0.75;MoveNorth;(14, 15);;(17, 6);1;5994
24;0.75;MoveNorth;(14, 15);;(17, 6);1;5995
24;0.75;MoveNorth;(14, 15);;(17, 6);1;5996
24;0.75;MoveNorth;(14, 15);;(17, 6);1;5997
24;0.75;MoveNorth;(14, 15);;(17, 6);1;5998
24;0.75;MoveNorth;(14, 15);MoveWest;(16, 6);1;5999
24;0.75;MoveNorth;(14, 15);;(16, 6);1;6000
